-13728.002329901896
-15021.552585060415
-13654.124367020902
-14497.143740259227
-16586.52139320381
-16317.62166278912
-13920.167940243238
-12525.96132840071
-14811.953939393674
-15245.169709374952
-13700.283500292302
-9608.17508450404
-8891.648065753316
-12909.83758828164
-11210.483666849472
-9608.588688347085
-9957.960566115771
-12245.801750754339
-9866.733898264507
-11698.10422521163
-10931.636491734356
-9821.614766163182
-11619.675180421935
-10009.871313197667
-12155.702764360849
-11736.928249155113
-11581.502841036905
-11608.382788297904
-11544.791811301633
-12714.956098676408
-12178.344003138554
-10787.684948061164
-5455.845966974391
-7287.260596843286
-9158.514056874927
-8878.853174363287
-6117.339014969159
-6256.7469506811
-7275.020961846538
-8786.863369103505
-8185.119362540128
-5926.386438307623
-6608.856399835251
-8896.26572530401
-8373.156420112999
-7256.338259839148
-7235.168522176057
-8135.566529684029
-8748.661893584533
-8211.918956161055
-8124.082633478856
-8841.213041041947
-7674.608032681921
-2878.5649013177126
-4605.047899040413
-3858.5578209605414
-4074.0541729721135
-5417.709201470074
-4503.539797710841
-4448.036776701287
-4490.568182489124
-5141.569518213891
-5086.655972596938
-7047.71413535678
-6420.390497639679
-3115.6945673946
-3936.8733126598236
-3869.10848656638
-2974.5750081513957
-2698.6004147834224
-3306.673405009072
-2159.9731074935203
-2345.1446706168585
-2679.992974075675
-2233.142538515896
-8400.527856957156
-6399.694650005663
-6069.509038380688
-7090.463226989386
-8258.116415329188
-8882.26226062281
-8198.410720984122
-8044.570102486699
-3689.3936743494537
-3803.833205941729
-5684.124750698969
-5329.571209513981
-5765.607585449632
-5898.06818700314
-5551.8679842415195
-4810.289730000336
-3703.065773390178
-3966.408743640734
-5232.354333157924
-8529.705729038636
-9799.107265603403
-9248.115620723907
-7652.007571728095
-7673.63551084317
-7130.5664764598
-6594.527829241809
-7607.454648390329
-9025.975124004612
-7655.3735579333625
-7908.1193154765015
-7766.709605765647
-7424.248307650186
-7234.051548081869
-8715.78675257455
-9192.94556023478
-8942.717070717297
-9320.980550432738
-9918.73460541463
-10292.830422461797
-9140.783629903332
-11095.049431314808
-12224.025098364058
-13515.249752515176
-10516.439413315044
-10361.595853344163
-10357.473709860948
-9410.91868020902
-11123.670637289293
-9226.650745824136
-10215.885705864102
