-3510.8765483555517
-4144.783450670421
-5478.67845862359
-4736.77686412816
-3940.9969008681196
-5147.073950862827
-8486.555346357216
-8515.57435549211
-7948.014215184571
-8144.533476809166
-9149.065661006443
-2829.6668774954856
-2373.7337363200695
-2440.207585967345
-2859.484224988656
-2738.9570458835865
-3402.554718390442
-2694.7473970949973
-5494.126926551623
-5061.229787909729
-2136.676690902631
-2104.302589761715
-2363.965650127258
-1276.2162030720754
-5191.121702542974
-7291.764755155683
-4565.992716094808
-1137.9001321214284
-647.6222063658038
-1509.6896887758141
678.239296035604
-1299.92675843824
-1046.2912638876646
510.2996220287048
732.0975769725312
529.9690403850078
635.3455090943664
613.3933729323763
267.780108900096
-915.4630503246228
17.96284607403016
1331.746178594946
-1061.7997316160931
1451.2561351107024
1607.9161096283547
1060.157538401385
1020.6084113035537
1123.6127331380462
1087.4150274541742
1250.8094376459626
1466.7071296718705
1436.6987083931238
1189.775477358209
1333.8170538891827
1239.5242932611868
1316.8580547826182
1518.0136879001795
1543.2522703627678
1231.7035767170137
1128.2446144100816
1038.9714969745648
1361.0913799401824
1432.0126266915086
1695.515711756964
1582.7739217579842
1700.3165492079106
1638.212810978124
1565.312838550294
921.2272508730651
1024.412679457532
1417.754179122153
1707.7989916578886
1675.1133822296076
1672.2837654587877
1582.710056277607
1651.2539202713258
983.1977423039481
534.0569001478879
1359.1817280055661
1704.526599271387
1443.386620064981
1313.9228789943934
1156.9742644376086
543.589261795597
616.5765509810675
947.5987854062668
1220.4277766221505
1198.121986618385
1068.956782649796
1237.985007207875
1348.7051690137407
849.9397286618027
530.1942800653707
926.944713033679
-1900.6406059754709
-2381.1892269487053
-7375.705076011006
-10857.525978662321
-5804.373211221457
-4188.338950239189
-2308.7567226206033
-2645.0524198680937
-2468.2282611271626
-1591.256091827795
-5790.851945982065
-4470.499481831941
-4274.760208342499
-4057.497172277486
-3982.65561639015
-3697.687477124956
-3401.9555865938714
-5120.600410791826
-8902.522824104306
-4971.607316229014
-4785.023534085951
-6771.021354195825
-7263.729769250353
-6790.859014779638
-8072.4312273488085
-14528.614977508974
-20250.10077735019
-20117.74516540438
-15285.123141750968
-8455.273356921438
-8568.323836461426
