1.8369285620883875
1.4989076753377277
1.8740352106928428
2.4586930180185793
1.9244671845902601
1.3944954236137088
1.425262651987483
1.0224161623713537
1.308807359152338
1.4698162048373453
1.7838244238291963
1.6541971648550642
1.2519576881147356
1.482800671505072
1.2255513841565835
1.8016967519231295
1.8708297905729983
1.450390519875822
1.7837204344273325
1.8566255545819796
1.6777371112715096
2.051242310880109
1.040963692670066
0.5281401185274678
-0.5700226135488417
-1.5261351350458332
0.6095838810978913
1.354056228527819
-0.1900190578674955
-1.3478250519897355
-4.899055514487638
-1.7384518292785107
-0.959148764521157
-1.6339026198217907
0.6817118486756626
-8.090739288813248
-0.03879801641057072
1.5031479238606837
2.3800688489085
-7.3581129025938905
-6.336438851996585
-2.3861607922654593
-7.293786381056472
1.7691913276034044
1.8241069323309824
