-4362.675127598884
-4212.322976823865
-3709.2471283367513
-3521.517829703842
-4145.498168647327
-4042.939146580949
-4075.7314090348727
-3980.8397255919326
-3597.7377803641657
-3148.265702568125
-3321.06775803062
-2399.7488488673966
-2287.649174098602
-4305.833824450305
-3430.257462938187
-3185.6888993883977
-3084.8048749007357
-3153.187235384925
-2882.98849805412
-3111.313310468312
-2951.318653328297
-2251.6353335785698
-1531.823615307339
-1028.5946542827085
-1447.9576152533853
-1004.2347291302157
-1251.6826562798676
-1365.8118340630213
-1388.7885009332042
-2057.20940170866
-1840.8659121027786
-1341.7748537013736
-227.11441942734174
-420.54003420113094
-528.4341471386974
-1408.3627003057452
-729.6944561480757
-578.8856423798586
-1066.2872444705304
-866.1374213392735
-826.2655619344196
-334.95808059182195
-398.76880244438127
108.77002935924142
61.18545969517976
87.11498162918363
63.08880587551445
96.92424176967818
-29.936163878796748
13.014840993921881
-368.92883275738114
-292.88980984961717
-308.1855627250949
215.98838379042982
97.04295193898027
-149.41422739241844
-94.64342869907279
-205.98726482824088
-437.2108124751587
-424.0742995911886
-193.65928161582102
80.18470443792373
-86.11059159551817
-184.34328987145068
-123.23522626565357
-108.86266026568593
-170.3666606993825
-871.9097219198644
-558.7345463664817
-1362.0916485607045
-873.0212831111481
-342.1713554696168
-40.70813225971105
-268.0563610375407
-839.3533281547553
-457.66424445605765
-204.67409854608454
-51.42482336228631
105.11643465726709
-59.36730525069572
-165.48528260762134
-550.8068302728263
-377.05416277057884
-584.5534241263134
-479.16340439224433
-665.7220522372548
-617.2165532744033
-848.5226420019684
-1050.7305450209908
-809.1534586582712
-566.8760883262191
-361.2094346449871
-295.41617133724145
-714.4516507511736
-757.6516231582203
-772.1917377349893
-783.4561022681006
-542.8656320454446
-1066.1600932826543
-1140.232563718317
-1054.5173440399958
-1022.1406997462586
-1029.3390894197737
-973.4697305607119
-1732.6530695249671
-1676.2914309313921
-1360.2225110975398
-1525.687645733174
-2238.723148271358
-2051.0496996588267
-2095.6665733207483
-2482.5137037075965
-2292.3069491242445
-2252.100184970765
-2004.7618839221
-3318.045761956818
-3418.1473922711443
-3308.5241667651685
-3273.9533780522893
-3214.479922491056
-3022.6528502090887
-2484.431303037228
-3078.1017933114504
-2953.14311048717
-3282.82412932513
