2.0574594634111225
1.2061027051007884
0.8307387699061473
1.858081066646268
1.5498958522865085
1.4561603126388518
1.4606155471366264
1.1163663000153388
1.138696623156468
1.418554300771254
1.6693222400868877
1.9513318773883432
1.765540474365392
1.253547494136789
1.2773813428455356
1.87076922659446
1.9828422497116827
1.3830251795405424
1.6050373587579951
1.7783938879565824
2.1675262662499923
2.1667239487563044
1.3577809355352992
0.8448704684737116
-0.11699128087334582
-0.6571063352798466
0.836966703576971
1.7251653026476392
-0.7769133371669168
-0.9561372257988949
-2.3458271745728045
-2.052934187055558
-1.1039824679702777
-1.6136282226496286
0.3116160954438527
-7.216551555525272
-0.01819885832064791
1.808886833043491
2.769495381439311
0.16592256371972447
-1.1965300132745167
-1.0182730455786013
-0.5294277917502227
1.831393248000631
2.0681172198557642
