3.2444957766858638
3.511663560956454
2.437986744472059
2.057158096916036
3.279799780927334
3.111138445067792
2.6668084766860396
2.617776169756694
2.7330808429227367
2.536393225694724
3.4129990431554162
3.172001134194375
3.056153823347151
4.102368993337147
4.20675111403436
4.0376139029363864
2.2598663737236486
2.3290544586949005
3.4703156905065033
1.373672876523283
3.9092190994484617
3.2409736738446693
3.733267482091302
3.6714087978259733
3.538771638422296
3.079892189630365
3.538475507133468
4.3739655351285265
2.395037429148046
2.390086193837384
3.3445180851839074
3.6971053615235796
3.6054699427785915
2.075759313034804
3.8027035442057633
2.1452475318057327
4.059850225111814
3.6339581234804723
3.3423746704983888
3.952089741657266
3.7427104187289966
3.4300003928287826
3.949082587200027
2.9189484544102315
3.7190428703292837
3.3879247790736975
2.9171016573213486
2.2747010986246265
2.4013058031807093
3.6747529986253396
2.8166691548733205
2.5171276764313673
4.141503567596369
2.1478368382128608
2.566001212825122
3.5090717722945732
1.991539850037222
2.273339165424806
3.7007082479397098
3.033303957362215
3.8920345913941157
1.942674494702429
3.824023901160665
2.215391844561473
3.430948360434392
2.9163351171126703
3.656920658579548
2.9234458949636917
3.499952514516044
2.032678858858967
3.1020277083702705
1.9703209988675414
2.6908285319795744
2.1164727287002516
2.1649961676811804
2.825521926079768
2.056979986161417
2.0133971640448665
4.860788417844279
4.241512360483122
2.251871414602643
3.242053534030916
2.0387116158245515
3.1037116964982587
3.3839203738150316
2.9531923793407606
3.9165692830011314
3.9725178840499225
2.9585200616028513
2.5785203493294357
4.036097806932777
1.9145693767330954
3.5830550571271744
3.0890072730066995
2.3428278940630114
