Instances 0: 21-Jan-14
1.0 -1.0 0.0 -1.0 1.0
1.0 -1.0 0.0 -1.0 1.0
1.0 -1.0 0.0 -1.0 1.0
1.0 -1.0 0.0 -1.0 1.0
1.0 -1.0 0.0 -1.0 1.0
1.0 -1.0 0.0 -1.0 1.0
1.0 -1.0 0.0 -1.0 1.0
1.0 -1.0 0.0 -1.0 1.0
1.0 -1.0 0.0 -1.0 1.0
1.0 -1.0 0.0 -1.0 1.0
1.0 -1.0 0.0 -1.0 1.0
1.0 -1.0 0.0 -1.0 1.0
1.0 -1.0 0.0 -1.0 1.0
1.0 -1.0 0.0 -1.0 1.0
1.0 -1.0 0.0 -1.0 1.0
1.0 -1.0 0.0 -1.0 1.0
1.0 -1.0 0.0 -1.0 1.0
1.0 -1.0 0.0 -1.0 1.0
1.0 -1.0 0.0 -1.0 1.0
1.0 -1.0 -1.0 -1.0 1.0
1.0 -1.0 -1.0 -1.0 1.0
1.0 -1.0 -1.0 -1.0 1.0
1.0 -1.0 -1.0 -1.0 1.0
1.0 -1.0 -1.0 -1.0 1.0
Fitness: -3183.355932563105
Instances 1: 22-Jan-14
1.0 -1.0 0.0 -1.0 1.0
1.0 -1.0 0.0 -1.0 1.0
1.0 -1.0 0.0 -1.0 1.0
1.0 -1.0 0.0 -1.0 1.0
1.0 -1.0 0.0 -1.0 1.0
1.0 -1.0 0.0 -1.0 1.0
1.0 -1.0 0.0 -1.0 1.0
1.0 -1.0 0.0 -1.0 1.0
1.0 -1.0 0.0 -1.0 1.0
1.0 -1.0 0.0 -1.0 1.0
1.0 -1.0 0.0 -1.0 1.0
1.0 -1.0 0.0 -1.0 1.0
1.0 -1.0 0.0 -1.0 1.0
1.0 -1.0 0.0 -1.0 1.0
1.0 -1.0 0.0 -1.0 1.0
1.0 -1.0 0.0 -1.0 1.0
1.0 -1.0 0.0 -1.0 1.0
1.0 -1.0 0.0 -1.0 1.0
1.0 -1.0 0.0 -1.0 1.0
1.0 -1.0 -1.0 -1.0 1.0
1.0 -1.0 -1.0 -1.0 1.0
1.0 -1.0 -1.0 -1.0 1.0
1.0 -1.0 -1.0 -1.0 1.0
1.0 -1.0 -1.0 -1.0 1.0
Fitness: -3710.115106001431
Instances 2: 23-Jan-14
1.0 -1.0 0.0 -1.0 1.0
1.0 -1.0 0.0 -1.0 1.0
1.0 -1.0 0.0 -1.0 1.0
1.0 -1.0 0.0 -1.0 1.0
1.0 -1.0 0.0 -1.0 1.0
1.0 -1.0 0.0 -1.0 1.0
1.0 -1.0 0.0 -1.0 1.0
1.0 -1.0 0.0 -1.0 1.0
1.0 -1.0 0.0 -1.0 1.0
1.0 -1.0 0.0 -1.0 1.0
1.0 -1.0 0.0 -1.0 1.0
1.0 -1.0 0.0 -1.0 1.0
1.0 -1.0 0.0 -1.0 1.0
1.0 -1.0 0.0 -1.0 1.0
1.0 -1.0 0.0 -1.0 1.0
1.0 -1.0 0.0 -1.0 1.0
1.0 -1.0 0.0 -1.0 1.0
1.0 -1.0 0.0 -1.0 1.0
1.0 -1.0 0.0 -1.0 1.0
1.0 -1.0 -1.0 -1.0 1.0
1.0 -1.0 -1.0 -1.0 1.0
1.0 -1.0 -1.0 -1.0 1.0
1.0 -1.0 -1.0 -1.0 1.0
1.0 -1.0 -1.0 -1.0 1.0
Fitness: -4956.693977119794
Instances 3: 24-Jan-14
1.0 -1.0 0.0 -1.0 1.0
1.0 -1.0 0.0 -1.0 1.0
1.0 -1.0 0.0 -1.0 1.0
1.0 -1.0 0.0 -1.0 1.0
1.0 -1.0 0.0 -1.0 1.0
1.0 -1.0 0.0 -1.0 1.0
1.0 -1.0 0.0 -1.0 1.0
1.0 -1.0 0.0 -1.0 1.0
1.0 -1.0 0.0 -1.0 1.0
1.0 -1.0 0.0 -1.0 1.0
1.0 -1.0 0.0 -1.0 1.0
1.0 -1.0 0.0 -1.0 1.0
1.0 -1.0 0.0 -1.0 1.0
1.0 -1.0 0.0 -1.0 1.0
1.0 -1.0 0.0 -1.0 1.0
1.0 -1.0 0.0 -1.0 1.0
1.0 -1.0 0.0 -1.0 1.0
1.0 -1.0 0.0 -1.0 1.0
1.0 -1.0 0.0 -1.0 1.0
1.0 -1.0 -1.0 -1.0 1.0
1.0 -1.0 -1.0 -1.0 1.0
1.0 -1.0 -1.0 -1.0 1.0
1.0 -1.0 -1.0 -1.0 1.0
1.0 -1.0 -1.0 -1.0 1.0
Fitness: -4303.079080351906
Instances 4: 25-Jan-14
1.0 -1.0 0.0 -1.0 1.0
1.0 -1.0 0.0 -1.0 1.0
1.0 -1.0 0.0 -1.0 1.0
1.0 -1.0 0.0 -1.0 1.0
1.0 -1.0 0.0 -1.0 1.0
1.0 -1.0 0.0 -1.0 1.0
1.0 -1.0 0.0 -1.0 1.0
1.0 -1.0 0.0 -1.0 1.0
1.0 -1.0 0.0 -1.0 1.0
1.0 -1.0 0.0 -1.0 1.0
1.0 -1.0 0.0 -1.0 1.0
1.0 -1.0 0.0 -1.0 1.0
1.0 -1.0 0.0 -1.0 1.0
1.0 -1.0 0.0 -1.0 1.0
1.0 -1.0 0.0 -1.0 1.0
1.0 -1.0 0.0 -1.0 1.0
1.0 -1.0 0.0 -1.0 1.0
1.0 -1.0 0.0 -1.0 1.0
1.0 -1.0 0.0 -1.0 1.0
1.0 -1.0 -1.0 -1.0 1.0
1.0 -1.0 -1.0 -1.0 1.0
1.0 -1.0 -1.0 -1.0 1.0
1.0 -1.0 -1.0 -1.0 1.0
1.0 -1.0 -1.0 -1.0 1.0
Fitness: -3596.219045054004
Instances 5: 26-Jan-14
1.0 -1.0 0.0 -1.0 1.0
1.0 -1.0 0.0 -1.0 1.0
1.0 -1.0 0.0 -1.0 1.0
1.0 -1.0 0.0 -1.0 1.0
1.0 -1.0 0.0 -1.0 1.0
1.0 -1.0 0.0 -1.0 1.0
1.0 -1.0 0.0 -1.0 1.0
1.0 -1.0 0.0 -1.0 1.0
1.0 -1.0 0.0 -1.0 1.0
1.0 -1.0 0.0 -1.0 1.0
1.0 -1.0 0.0 -1.0 1.0
1.0 -1.0 0.0 -1.0 1.0
1.0 -1.0 0.0 -1.0 1.0
1.0 -1.0 0.0 -1.0 1.0
1.0 -1.0 0.0 -1.0 1.0
1.0 -1.0 0.0 -1.0 1.0
1.0 -1.0 0.0 -1.0 1.0
1.0 -1.0 0.0 -1.0 1.0
1.0 -1.0 0.0 -1.0 1.0
1.0 -1.0 -1.0 -1.0 1.0
1.0 -1.0 -1.0 -1.0 1.0
1.0 -1.0 -1.0 -1.0 1.0
1.0 -1.0 -1.0 -1.0 1.0
1.0 -1.0 -1.0 -1.0 1.0
Fitness: -4866.992607756162
Instances 6: 27-Jan-14
1.0 -1.0 0.0 -1.0 1.0
1.0 -1.0 0.0 -1.0 1.0
1.0 -1.0 0.0 -1.0 1.0
1.0 -1.0 0.0 -1.0 1.0
1.0 -1.0 0.0 -1.0 1.0
1.0 -1.0 0.0 -1.0 1.0
1.0 -1.0 0.0 -1.0 1.0
1.0 -1.0 0.0 -1.0 1.0
1.0 -1.0 0.0 -1.0 1.0
1.0 -1.0 0.0 -1.0 1.0
1.0 -1.0 0.0 -1.0 1.0
1.0 -1.0 0.0 -1.0 1.0
1.0 -1.0 0.0 -1.0 1.0
1.0 -1.0 0.0 -1.0 1.0
1.0 -1.0 0.0 -1.0 1.0
1.0 -1.0 0.0 -1.0 1.0
1.0 -1.0 0.0 -1.0 1.0
1.0 -1.0 0.0 -1.0 1.0
1.0 -1.0 0.0 -1.0 1.0
1.0 -1.0 -1.0 -1.0 1.0
1.0 -1.0 -1.0 -1.0 1.0
1.0 -1.0 -1.0 -1.0 1.0
1.0 -1.0 -1.0 -1.0 1.0
1.0 -1.0 -1.0 -1.0 1.0
Fitness: -7829.084679888124
Instances 7: 28-Jan-14
1.0 -1.0 0.0 -1.0 1.0
1.0 -1.0 0.0 -1.0 1.0
1.0 -1.0 0.0 -1.0 1.0
1.0 -1.0 0.0 -1.0 1.0
1.0 -1.0 0.0 -1.0 1.0
1.0 -1.0 0.0 -1.0 1.0
1.0 -1.0 0.0 -1.0 1.0
1.0 -1.0 0.0 -1.0 1.0
1.0 -1.0 0.0 -1.0 1.0
1.0 -1.0 0.0 -1.0 1.0
1.0 -1.0 0.0 -1.0 1.0
1.0 -1.0 0.0 -1.0 1.0
1.0 -1.0 0.0 -1.0 1.0
1.0 -1.0 0.0 -1.0 1.0
1.0 -1.0 0.0 -1.0 1.0
1.0 -1.0 0.0 -1.0 1.0
1.0 -1.0 0.0 -1.0 1.0
1.0 -1.0 0.0 -1.0 1.0
1.0 -1.0 0.0 -1.0 1.0
1.0 -1.0 -1.0 -1.0 1.0
1.0 -1.0 -1.0 -1.0 1.0
1.0 -1.0 -1.0 -1.0 1.0
1.0 -1.0 -1.0 -1.0 1.0
1.0 -1.0 -1.0 -1.0 1.0
Fitness: -7894.674933695528
Instances 8: 29-Jan-14
1.0 -1.0 0.0 -1.0 1.0
1.0 -1.0 0.0 -1.0 1.0
1.0 -1.0 0.0 -1.0 1.0
1.0 -1.0 0.0 -1.0 1.0
1.0 -1.0 0.0 -1.0 1.0
1.0 -1.0 0.0 -1.0 1.0
1.0 -1.0 0.0 -1.0 1.0
1.0 -1.0 0.0 -1.0 1.0
1.0 -1.0 0.0 -1.0 1.0
1.0 -1.0 0.0 -1.0 1.0
1.0 -1.0 0.0 -1.0 1.0
1.0 -1.0 0.0 -1.0 1.0
1.0 -1.0 0.0 -1.0 1.0
1.0 -1.0 0.0 -1.0 1.0
1.0 -1.0 0.0 -1.0 1.0
1.0 -1.0 0.0 -1.0 1.0
1.0 -1.0 0.0 -1.0 1.0
1.0 -1.0 0.0 -1.0 1.0
1.0 -1.0 0.0 -1.0 1.0
1.0 -1.0 -1.0 -1.0 1.0
1.0 -1.0 -1.0 -1.0 1.0
1.0 -1.0 -1.0 -1.0 1.0
1.0 -1.0 -1.0 -1.0 1.0
1.0 -1.0 -1.0 -1.0 1.0
Fitness: -6968.865016448874
Instances 9: 30-Jan-14
1.0 -1.0 0.0 -1.0 1.0
1.0 -1.0 0.0 -1.0 1.0
1.0 -1.0 0.0 -1.0 1.0
1.0 -1.0 0.0 -1.0 1.0
1.0 -1.0 0.0 -1.0 1.0
1.0 -1.0 0.0 -1.0 1.0
1.0 -1.0 0.0 -1.0 1.0
1.0 -1.0 0.0 -1.0 1.0
1.0 -1.0 0.0 -1.0 1.0
1.0 -1.0 0.0 -1.0 1.0
1.0 -1.0 0.0 -1.0 1.0
1.0 -1.0 0.0 -1.0 1.0
1.0 -1.0 0.0 -1.0 1.0
1.0 -1.0 0.0 -1.0 1.0
1.0 -1.0 0.0 -1.0 1.0
1.0 -1.0 0.0 -1.0 1.0
1.0 -1.0 0.0 -1.0 1.0
1.0 -1.0 0.0 -1.0 1.0
1.0 -1.0 0.0 -1.0 1.0
1.0 -1.0 -1.0 -1.0 1.0
1.0 -1.0 -1.0 -1.0 1.0
1.0 -1.0 -1.0 -1.0 1.0
1.0 -1.0 -1.0 -1.0 1.0
1.0 -1.0 -1.0 -1.0 1.0
Fitness: -7349.574155979182
Instances 10: 31-Jan-14
1.0 -1.0 0.0 -1.0 1.0
1.0 -1.0 0.0 -1.0 1.0
1.0 -1.0 0.0 -1.0 1.0
1.0 -1.0 0.0 -1.0 1.0
1.0 -1.0 0.0 -1.0 1.0
1.0 -1.0 0.0 -1.0 1.0
1.0 -1.0 0.0 -1.0 1.0
1.0 -1.0 0.0 -1.0 1.0
1.0 -1.0 0.0 -1.0 1.0
1.0 -1.0 0.0 -1.0 1.0
1.0 -1.0 0.0 -1.0 1.0
1.0 -1.0 0.0 -1.0 1.0
1.0 -1.0 0.0 -1.0 1.0
1.0 -1.0 0.0 -1.0 1.0
1.0 -1.0 0.0 -1.0 1.0
1.0 -1.0 0.0 -1.0 1.0
1.0 -1.0 0.0 -1.0 1.0
1.0 -1.0 0.0 -1.0 1.0
1.0 -1.0 0.0 -1.0 1.0
1.0 -1.0 -1.0 -1.0 1.0
1.0 -1.0 -1.0 -1.0 1.0
1.0 -1.0 -1.0 -1.0 1.0
1.0 -1.0 -1.0 -1.0 1.0
1.0 -1.0 -1.0 -1.0 1.0
Fitness: -8327.480014747056
Instances 11: 21-Feb-14
1.0 -1.0 0.0 -1.0 1.0
1.0 -1.0 0.0 -1.0 1.0
1.0 -1.0 0.0 -1.0 1.0
1.0 -1.0 0.0 -1.0 1.0
1.0 -1.0 0.0 -1.0 1.0
1.0 -1.0 0.0 -1.0 1.0
1.0 -1.0 0.0 -1.0 1.0
1.0 -1.0 0.0 -1.0 1.0
1.0 -1.0 0.0 -1.0 1.0
1.0 -1.0 0.0 -1.0 1.0
1.0 -1.0 0.0 -1.0 1.0
1.0 -1.0 0.0 -1.0 1.0
1.0 -1.0 0.0 -1.0 1.0
1.0 -1.0 0.0 -1.0 1.0
1.0 -1.0 0.0 -1.0 1.0
1.0 -1.0 0.0 -1.0 1.0
1.0 -1.0 0.0 -1.0 1.0
1.0 -1.0 0.0 -1.0 1.0
1.0 -1.0 0.0 -1.0 1.0
1.0 -1.0 -1.0 -1.0 1.0
1.0 -1.0 -1.0 -1.0 1.0
1.0 -1.0 -1.0 -1.0 1.0
1.0 -1.0 -1.0 -1.0 1.0
1.0 -1.0 -1.0 -1.0 1.0
Fitness: -2395.8242804873785
Instances 12: 22-Feb-14
1.0 -1.0 0.0 -1.0 1.0
1.0 -1.0 0.0 -1.0 1.0
1.0 -1.0 0.0 -1.0 1.0
1.0 -1.0 0.0 -1.0 1.0
1.0 -1.0 0.0 -1.0 1.0
1.0 -1.0 0.0 -1.0 1.0
1.0 -1.0 0.0 -1.0 1.0
1.0 -1.0 0.0 -1.0 1.0
1.0 -1.0 0.0 -1.0 1.0
1.0 -1.0 0.0 -1.0 1.0
1.0 -1.0 0.0 -1.0 1.0
1.0 -1.0 0.0 -1.0 1.0
1.0 -1.0 0.0 -1.0 1.0
1.0 -1.0 0.0 -1.0 1.0
1.0 -1.0 0.0 -1.0 1.0
1.0 -1.0 0.0 -1.0 1.0
1.0 -1.0 0.0 -1.0 1.0
1.0 -1.0 0.0 -1.0 1.0
1.0 -1.0 0.0 -1.0 1.0
1.0 -1.0 -1.0 -1.0 1.0
1.0 -1.0 -1.0 -1.0 1.0
1.0 -1.0 -1.0 -1.0 1.0
1.0 -1.0 -1.0 -1.0 1.0
1.0 -1.0 -1.0 -1.0 1.0
Fitness: -2002.0341383242455
Instances 13: 23-Feb-14
1.0 -1.0 0.0 -1.0 1.0
1.0 -1.0 0.0 -1.0 1.0
1.0 -1.0 0.0 -1.0 1.0
1.0 -1.0 0.0 -1.0 1.0
1.0 -1.0 0.0 -1.0 1.0
1.0 -1.0 0.0 -1.0 1.0
1.0 -1.0 0.0 -1.0 1.0
1.0 -1.0 0.0 -1.0 1.0
1.0 -1.0 0.0 -1.0 1.0
1.0 -1.0 0.0 -1.0 1.0
1.0 -1.0 0.0 -1.0 1.0
1.0 -1.0 0.0 -1.0 1.0
1.0 -1.0 0.0 -1.0 1.0
1.0 -1.0 0.0 -1.0 1.0
1.0 -1.0 0.0 -1.0 1.0
1.0 -1.0 0.0 -1.0 1.0
1.0 -1.0 0.0 -1.0 1.0
1.0 -1.0 0.0 -1.0 1.0
1.0 -1.0 0.0 -1.0 1.0
1.0 -1.0 -1.0 -1.0 1.0
1.0 -1.0 -1.0 -1.0 1.0
1.0 -1.0 -1.0 -1.0 1.0
1.0 -1.0 -1.0 -1.0 1.0
1.0 -1.0 -1.0 -1.0 1.0
Fitness: -2084.720141438859
Instances 14: 24-Feb-14
1.0 -1.0 0.0 -1.0 1.0
1.0 -1.0 0.0 -1.0 1.0
1.0 -1.0 0.0 -1.0 1.0
1.0 -1.0 0.0 -1.0 1.0
1.0 -1.0 0.0 -1.0 1.0
1.0 -1.0 0.0 -1.0 1.0
1.0 -1.0 0.0 -1.0 1.0
1.0 -1.0 0.0 -1.0 1.0
1.0 -1.0 0.0 -1.0 1.0
1.0 -1.0 0.0 -1.0 1.0
1.0 -1.0 0.0 -1.0 1.0
1.0 -1.0 0.0 -1.0 1.0
1.0 -1.0 0.0 -1.0 1.0
1.0 -1.0 0.0 -1.0 1.0
1.0 -1.0 0.0 -1.0 1.0
1.0 -1.0 0.0 -1.0 1.0
1.0 -1.0 0.0 -1.0 1.0
1.0 -1.0 0.0 -1.0 1.0
1.0 -1.0 0.0 -1.0 1.0
1.0 -1.0 -1.0 -1.0 1.0
1.0 -1.0 -1.0 -1.0 1.0
1.0 -1.0 -1.0 -1.0 1.0
1.0 -1.0 -1.0 -1.0 1.0
1.0 -1.0 -1.0 -1.0 1.0
Fitness: -2338.9433556400527
Instances 15: 25-Feb-14
1.0 -1.0 0.0 -1.0 1.0
1.0 -1.0 0.0 -1.0 1.0
1.0 -1.0 0.0 -1.0 1.0
1.0 -1.0 0.0 -1.0 1.0
1.0 -1.0 0.0 -1.0 1.0
1.0 -1.0 0.0 -1.0 1.0
1.0 -1.0 0.0 -1.0 1.0
1.0 -1.0 0.0 -1.0 1.0
1.0 -1.0 0.0 -1.0 1.0
1.0 -1.0 0.0 -1.0 1.0
1.0 -1.0 0.0 -1.0 1.0
1.0 -1.0 0.0 -1.0 1.0
1.0 -1.0 0.0 -1.0 1.0
1.0 -1.0 0.0 -1.0 1.0
1.0 -1.0 0.0 -1.0 1.0
1.0 -1.0 0.0 -1.0 1.0
1.0 -1.0 0.0 -1.0 1.0
1.0 -1.0 0.0 -1.0 1.0
1.0 -1.0 0.0 -1.0 1.0
1.0 -1.0 -1.0 -1.0 1.0
1.0 -1.0 -1.0 -1.0 1.0
1.0 -1.0 -1.0 -1.0 1.0
1.0 -1.0 -1.0 -1.0 1.0
1.0 -1.0 -1.0 -1.0 1.0
Fitness: -2505.983486943497
Instances 16: 26-Feb-14
1.0 -1.0 0.0 -1.0 1.0
1.0 -1.0 0.0 -1.0 1.0
1.0 -1.0 0.0 -1.0 1.0
1.0 -1.0 0.0 -1.0 1.0
1.0 -1.0 0.0 -1.0 1.0
1.0 -1.0 0.0 -1.0 1.0
1.0 -1.0 0.0 -1.0 1.0
1.0 -1.0 0.0 -1.0 1.0
1.0 -1.0 0.0 -1.0 1.0
1.0 -1.0 0.0 -1.0 1.0
1.0 -1.0 0.0 -1.0 1.0
1.0 -1.0 0.0 -1.0 1.0
1.0 -1.0 0.0 -1.0 1.0
1.0 -1.0 0.0 -1.0 1.0
1.0 -1.0 0.0 -1.0 1.0
1.0 -1.0 0.0 -1.0 1.0
1.0 -1.0 0.0 -1.0 1.0
1.0 -1.0 0.0 -1.0 1.0
1.0 -1.0 0.0 -1.0 1.0
1.0 -1.0 -1.0 -1.0 1.0
1.0 -1.0 -1.0 -1.0 1.0
1.0 -1.0 -1.0 -1.0 1.0
1.0 -1.0 -1.0 -1.0 1.0
1.0 -1.0 -1.0 -1.0 1.0
Fitness: -2886.354741908775
Instances 17: 27-Feb-14
1.0 -1.0 0.0 -1.0 1.0
1.0 -1.0 0.0 -1.0 1.0
1.0 -1.0 0.0 -1.0 1.0
1.0 -1.0 0.0 -1.0 1.0
1.0 -1.0 0.0 -1.0 1.0
1.0 -1.0 0.0 -1.0 1.0
1.0 -1.0 0.0 -1.0 1.0
1.0 -1.0 0.0 -1.0 1.0
1.0 -1.0 0.0 -1.0 1.0
1.0 -1.0 0.0 -1.0 1.0
1.0 -1.0 0.0 -1.0 1.0
1.0 -1.0 0.0 -1.0 1.0
1.0 -1.0 0.0 -1.0 1.0
1.0 -1.0 0.0 -1.0 1.0
1.0 -1.0 0.0 -1.0 1.0
1.0 -1.0 0.0 -1.0 1.0
1.0 -1.0 0.0 -1.0 1.0
1.0 -1.0 0.0 -1.0 1.0
1.0 -1.0 0.0 -1.0 1.0
1.0 -1.0 -1.0 -1.0 1.0
1.0 -1.0 -1.0 -1.0 1.0
1.0 -1.0 -1.0 -1.0 1.0
1.0 -1.0 -1.0 -1.0 1.0
1.0 -1.0 -1.0 -1.0 1.0
Fitness: -2378.761538398159
Instances 18: 28-Feb-14
1.0 -1.0 0.0 -1.0 1.0
1.0 -1.0 0.0 -1.0 1.0
1.0 -1.0 0.0 -1.0 1.0
1.0 -1.0 0.0 -1.0 1.0
1.0 -1.0 0.0 -1.0 1.0
1.0 -1.0 0.0 -1.0 1.0
1.0 -1.0 0.0 -1.0 1.0
1.0 -1.0 0.0 -1.0 1.0
1.0 -1.0 0.0 -1.0 1.0
1.0 -1.0 0.0 -1.0 1.0
1.0 -1.0 0.0 -1.0 1.0
1.0 -1.0 0.0 -1.0 1.0
1.0 -1.0 0.0 -1.0 1.0
1.0 -1.0 0.0 -1.0 1.0
1.0 -1.0 0.0 -1.0 1.0
1.0 -1.0 0.0 -1.0 1.0
1.0 -1.0 0.0 -1.0 1.0
1.0 -1.0 0.0 -1.0 1.0
1.0 -1.0 0.0 -1.0 1.0
1.0 -1.0 -1.0 -1.0 1.0
1.0 -1.0 -1.0 -1.0 1.0
1.0 -1.0 -1.0 -1.0 1.0
1.0 -1.0 -1.0 -1.0 1.0
1.0 -1.0 -1.0 -1.0 1.0
Fitness: -5061.310054554494
Instances 19: 01-Mar-14
1.0 -1.0 0.0 -1.0 1.0
1.0 -1.0 0.0 -1.0 1.0
1.0 -1.0 0.0 -1.0 1.0
1.0 -1.0 0.0 -1.0 1.0
1.0 -1.0 0.0 -1.0 1.0
1.0 -1.0 0.0 -1.0 1.0
1.0 -1.0 0.0 -1.0 1.0
1.0 -1.0 0.0 -1.0 1.0
1.0 -1.0 0.0 -1.0 1.0
1.0 -1.0 0.0 -1.0 1.0
1.0 -1.0 0.0 -1.0 1.0
1.0 -1.0 0.0 -1.0 1.0
1.0 -1.0 0.0 -1.0 1.0
1.0 -1.0 0.0 -1.0 1.0
1.0 -1.0 0.0 -1.0 1.0
1.0 -1.0 0.0 -1.0 1.0
1.0 -1.0 0.0 -1.0 1.0
1.0 -1.0 0.0 -1.0 1.0
1.0 -1.0 0.0 -1.0 1.0
1.0 -1.0 -1.0 -1.0 1.0
1.0 -1.0 -1.0 -1.0 1.0
1.0 -1.0 -1.0 -1.0 1.0
1.0 -1.0 -1.0 -1.0 1.0
1.0 -1.0 -1.0 -1.0 1.0
Fitness: -4337.8488506279755
Instances 20: 02-Mar-14
1.0 -1.0 0.0 -1.0 1.0
1.0 -1.0 0.0 -1.0 1.0
1.0 -1.0 0.0 -1.0 1.0
1.0 -1.0 0.0 -1.0 1.0
1.0 -1.0 0.0 -1.0 1.0
1.0 -1.0 0.0 -1.0 1.0
1.0 -1.0 0.0 -1.0 1.0
1.0 -1.0 0.0 -1.0 1.0
1.0 -1.0 0.0 -1.0 1.0
1.0 -1.0 0.0 -1.0 1.0
1.0 -1.0 0.0 -1.0 1.0
1.0 -1.0 0.0 -1.0 1.0
1.0 -1.0 0.0 -1.0 1.0
1.0 -1.0 0.0 -1.0 1.0
1.0 -1.0 0.0 -1.0 1.0
1.0 -1.0 0.0 -1.0 1.0
1.0 -1.0 0.0 -1.0 1.0
1.0 -1.0 0.0 -1.0 1.0
1.0 -1.0 0.0 -1.0 1.0
1.0 -1.0 -1.0 -1.0 1.0
1.0 -1.0 -1.0 -1.0 1.0
1.0 -1.0 -1.0 -1.0 1.0
1.0 -1.0 -1.0 -1.0 1.0
1.0 -1.0 -1.0 -1.0 1.0
Fitness: -1805.2912194114285
Instances 21: 03-Mar-14
1.0 -1.0 0.0 -1.0 1.0
1.0 -1.0 0.0 -1.0 1.0
1.0 -1.0 0.0 -1.0 1.0
1.0 -1.0 0.0 -1.0 1.0
1.0 -1.0 0.0 -1.0 1.0
1.0 -1.0 0.0 -1.0 1.0
1.0 -1.0 0.0 -1.0 1.0
1.0 -1.0 0.0 -1.0 1.0
1.0 -1.0 0.0 -1.0 1.0
1.0 -1.0 0.0 -1.0 1.0
1.0 -1.0 0.0 -1.0 1.0
1.0 -1.0 0.0 -1.0 1.0
1.0 -1.0 0.0 -1.0 1.0
1.0 -1.0 0.0 -1.0 1.0
1.0 -1.0 0.0 -1.0 1.0
1.0 -1.0 0.0 -1.0 1.0
1.0 -1.0 0.0 -1.0 1.0
1.0 -1.0 0.0 -1.0 1.0
1.0 -1.0 0.0 -1.0 1.0
1.0 -1.0 -1.0 -1.0 1.0
1.0 -1.0 -1.0 -1.0 1.0
1.0 -1.0 -1.0 -1.0 1.0
1.0 -1.0 -1.0 -1.0 1.0
1.0 -1.0 -1.0 -1.0 1.0
Fitness: -1516.7054371214483
Instances 22: 24-Mar-14
1.0 -1.0 0.0 -1.0 1.0
1.0 -1.0 0.0 -1.0 1.0
1.0 -1.0 0.0 -1.0 1.0
1.0 -1.0 0.0 -1.0 1.0
1.0 -1.0 0.0 -1.0 1.0
1.0 -1.0 0.0 -1.0 1.0
1.0 -1.0 0.0 -1.0 1.0
1.0 -1.0 0.0 -1.0 1.0
1.0 -1.0 0.0 -1.0 1.0
1.0 -1.0 0.0 -1.0 1.0
1.0 -1.0 0.0 -1.0 1.0
1.0 -1.0 0.0 -1.0 1.0
1.0 -1.0 0.0 -1.0 1.0
1.0 -1.0 0.0 -1.0 1.0
1.0 -1.0 0.0 -1.0 1.0
1.0 -1.0 0.0 -1.0 1.0
1.0 -1.0 0.0 -1.0 1.0
1.0 -1.0 0.0 -1.0 1.0
1.0 -1.0 0.0 -1.0 1.0
1.0 -1.0 -1.0 -1.0 1.0
1.0 -1.0 -1.0 -1.0 1.0
1.0 -1.0 -1.0 -1.0 1.0
1.0 -1.0 -1.0 -1.0 1.0
1.0 -1.0 -1.0 -1.0 1.0
Fitness: -1793.9316024756968
Instances 23: 25-Mar-14
1.0 -1.0 0.0 -1.0 1.0
1.0 -1.0 0.0 -1.0 1.0
1.0 -1.0 0.0 -1.0 1.0
1.0 -1.0 0.0 -1.0 1.0
1.0 -1.0 0.0 -1.0 1.0
1.0 -1.0 0.0 -1.0 1.0
1.0 -1.0 0.0 -1.0 1.0
1.0 -1.0 0.0 -1.0 1.0
1.0 -1.0 0.0 -1.0 1.0
1.0 -1.0 0.0 -1.0 1.0
1.0 -1.0 0.0 -1.0 1.0
1.0 -1.0 0.0 -1.0 1.0
1.0 -1.0 0.0 -1.0 1.0
1.0 -1.0 0.0 -1.0 1.0
1.0 -1.0 0.0 -1.0 1.0
1.0 -1.0 0.0 -1.0 1.0
1.0 -1.0 0.0 -1.0 1.0
1.0 -1.0 0.0 -1.0 1.0
1.0 -1.0 0.0 -1.0 1.0
1.0 -1.0 -1.0 -1.0 1.0
1.0 -1.0 -1.0 -1.0 1.0
1.0 -1.0 -1.0 -1.0 1.0
1.0 -1.0 -1.0 -1.0 1.0
1.0 -1.0 -1.0 -1.0 1.0
Fitness: -1018.3120003340283
Instances 24: 26-Mar-14
1.0 -1.0 0.0 -1.0 1.0
1.0 -1.0 0.0 -1.0 1.0
1.0 -1.0 0.0 -1.0 1.0
1.0 -1.0 0.0 -1.0 1.0
1.0 -1.0 0.0 -1.0 1.0
1.0 -1.0 0.0 -1.0 1.0
1.0 -1.0 0.0 -1.0 1.0
1.0 -1.0 0.0 -1.0 1.0
1.0 -1.0 0.0 -1.0 1.0
1.0 -1.0 0.0 -1.0 1.0
1.0 -1.0 0.0 -1.0 1.0
1.0 -1.0 0.0 -1.0 1.0
1.0 -1.0 0.0 -1.0 1.0
1.0 -1.0 0.0 -1.0 1.0
1.0 -1.0 0.0 -1.0 1.0
1.0 -1.0 0.0 -1.0 1.0
1.0 -1.0 0.0 -1.0 1.0
1.0 -1.0 0.0 -1.0 1.0
1.0 -1.0 0.0 -1.0 1.0
1.0 -1.0 -1.0 -1.0 1.0
1.0 -1.0 -1.0 -1.0 1.0
1.0 -1.0 -1.0 -1.0 1.0
1.0 -1.0 -1.0 -1.0 1.0
1.0 -1.0 -1.0 -1.0 1.0
Fitness: -4776.731906501243
Instances 25: 27-Mar-14
1.0 -1.0 0.0 -1.0 1.0
1.0 -1.0 0.0 -1.0 1.0
1.0 -1.0 0.0 -1.0 1.0
1.0 -1.0 0.0 -1.0 1.0
1.0 -1.0 0.0 -1.0 1.0
1.0 -1.0 0.0 -1.0 1.0
1.0 -1.0 0.0 -1.0 1.0
1.0 -1.0 0.0 -1.0 1.0
1.0 -1.0 0.0 -1.0 1.0
1.0 -1.0 0.0 -1.0 1.0
1.0 -1.0 0.0 -1.0 1.0
1.0 -1.0 0.0 -1.0 1.0
1.0 -1.0 0.0 -1.0 1.0
1.0 -1.0 0.0 -1.0 1.0
1.0 -1.0 0.0 -1.0 1.0
1.0 -1.0 0.0 -1.0 1.0
1.0 -1.0 0.0 -1.0 1.0
1.0 -1.0 0.0 -1.0 1.0
1.0 -1.0 0.0 -1.0 1.0
1.0 -1.0 -1.0 -1.0 1.0
1.0 -1.0 -1.0 -1.0 1.0
1.0 -1.0 -1.0 -1.0 1.0
1.0 -1.0 -1.0 -1.0 1.0
1.0 -1.0 -1.0 -1.0 1.0
Fitness: -6545.6017213746845
Instances 26: 28-Mar-14
1.0 -1.0 0.0 -1.0 1.0
1.0 -1.0 0.0 -1.0 1.0
1.0 -1.0 0.0 -1.0 1.0
1.0 -1.0 0.0 -1.0 1.0
1.0 -1.0 0.0 -1.0 1.0
1.0 -1.0 0.0 -1.0 1.0
1.0 -1.0 0.0 -1.0 1.0
1.0 -1.0 0.0 -1.0 1.0
1.0 -1.0 0.0 -1.0 1.0
1.0 -1.0 0.0 -1.0 1.0
1.0 -1.0 0.0 -1.0 1.0
1.0 -1.0 0.0 -1.0 1.0
1.0 -1.0 0.0 -1.0 1.0
1.0 -1.0 0.0 -1.0 1.0
1.0 -1.0 0.0 -1.0 1.0
1.0 -1.0 0.0 -1.0 1.0
1.0 -1.0 0.0 -1.0 1.0
1.0 -1.0 0.0 -1.0 1.0
1.0 -1.0 0.0 -1.0 1.0
1.0 -1.0 -1.0 -1.0 1.0
1.0 -1.0 -1.0 -1.0 1.0
1.0 -1.0 -1.0 -1.0 1.0
1.0 -1.0 -1.0 -1.0 1.0
1.0 -1.0 -1.0 -1.0 1.0
Fitness: -3692.2545880564485
Instances 27: 29-Mar-14
1.0 -1.0 0.0 -1.0 1.0
1.0 -1.0 0.0 -1.0 1.0
1.0 -1.0 0.0 -1.0 1.0
1.0 -1.0 0.0 -1.0 1.0
1.0 -1.0 0.0 -1.0 1.0
1.0 -1.0 0.0 -1.0 1.0
1.0 -1.0 0.0 -1.0 1.0
1.0 -1.0 0.0 -1.0 1.0
1.0 -1.0 0.0 -1.0 1.0
1.0 -1.0 0.0 -1.0 1.0
1.0 -1.0 0.0 -1.0 1.0
1.0 -1.0 0.0 -1.0 1.0
1.0 -1.0 0.0 -1.0 1.0
1.0 -1.0 0.0 -1.0 1.0
1.0 -1.0 0.0 -1.0 1.0
1.0 -1.0 0.0 -1.0 1.0
1.0 -1.0 0.0 -1.0 1.0
1.0 -1.0 0.0 -1.0 1.0
1.0 -1.0 0.0 -1.0 1.0
1.0 -1.0 -1.0 -1.0 1.0
1.0 -1.0 -1.0 -1.0 1.0
1.0 -1.0 -1.0 -1.0 1.0
1.0 -1.0 -1.0 -1.0 1.0
1.0 -1.0 -1.0 -1.0 1.0
Fitness: -798.665494599615
Instances 28: 30-Mar-14
1.0 -1.0 0.0 -1.0 1.0
1.0 -1.0 0.0 -1.0 1.0
1.0 -1.0 0.0 -1.0 1.0
1.0 -1.0 0.0 -1.0 1.0
1.0 -1.0 0.0 -1.0 1.0
1.0 -1.0 0.0 -1.0 1.0
1.0 -1.0 0.0 -1.0 1.0
1.0 -1.0 0.0 -1.0 1.0
1.0 -1.0 0.0 -1.0 1.0
1.0 -1.0 0.0 -1.0 1.0
1.0 -1.0 0.0 -1.0 1.0
1.0 -1.0 0.0 -1.0 1.0
1.0 -1.0 0.0 -1.0 1.0
1.0 -1.0 0.0 -1.0 1.0
1.0 -1.0 0.0 -1.0 1.0
1.0 -1.0 0.0 -1.0 1.0
1.0 -1.0 0.0 -1.0 1.0
1.0 -1.0 0.0 -1.0 1.0
1.0 -1.0 0.0 -1.0 1.0
1.0 -1.0 -1.0 -1.0 1.0
1.0 -1.0 -1.0 -1.0 1.0
1.0 -1.0 -1.0 -1.0 1.0
1.0 -1.0 -1.0 -1.0 1.0
1.0 -1.0 -1.0 -1.0 1.0
Fitness: -501.992320385158
Instances 29: 31-Mar-14
1.0 -1.0 0.0 -1.0 1.0
1.0 -1.0 0.0 -1.0 1.0
1.0 -1.0 0.0 -1.0 1.0
1.0 -1.0 0.0 -1.0 1.0
1.0 -1.0 0.0 -1.0 1.0
1.0 -1.0 0.0 -1.0 1.0
1.0 -1.0 0.0 -1.0 1.0
1.0 -1.0 0.0 -1.0 1.0
1.0 -1.0 0.0 -1.0 1.0
1.0 -1.0 0.0 -1.0 1.0
1.0 -1.0 0.0 -1.0 1.0
1.0 -1.0 0.0 -1.0 1.0
1.0 -1.0 0.0 -1.0 1.0
1.0 -1.0 0.0 -1.0 1.0
1.0 -1.0 0.0 -1.0 1.0
1.0 -1.0 0.0 -1.0 1.0
1.0 -1.0 0.0 -1.0 1.0
1.0 -1.0 0.0 -1.0 1.0
1.0 -1.0 0.0 -1.0 1.0
1.0 -1.0 -1.0 -1.0 1.0
1.0 -1.0 -1.0 -1.0 1.0
1.0 -1.0 -1.0 -1.0 1.0
1.0 -1.0 -1.0 -1.0 1.0
1.0 -1.0 -1.0 -1.0 1.0
Fitness: -961.6044834128903
Instances 30: 01-Apr-14
1.0 -1.0 0.0 -1.0 1.0
1.0 -1.0 0.0 -1.0 1.0
1.0 -1.0 0.0 -1.0 1.0
1.0 -1.0 0.0 -1.0 1.0
1.0 -1.0 0.0 -1.0 1.0
1.0 -1.0 0.0 -1.0 1.0
1.0 -1.0 0.0 -1.0 1.0
1.0 -1.0 0.0 -1.0 1.0
1.0 -1.0 0.0 -1.0 1.0
1.0 -1.0 0.0 -1.0 1.0
1.0 -1.0 0.0 -1.0 1.0
1.0 -1.0 0.0 -1.0 1.0
1.0 -1.0 0.0 -1.0 1.0
1.0 -1.0 0.0 -1.0 1.0
1.0 -1.0 0.0 -1.0 1.0
1.0 -1.0 0.0 -1.0 1.0
1.0 -1.0 0.0 -1.0 1.0
1.0 -1.0 0.0 -1.0 1.0
1.0 -1.0 0.0 -1.0 1.0
1.0 -1.0 -1.0 -1.0 1.0
1.0 -1.0 -1.0 -1.0 1.0
1.0 -1.0 -1.0 -1.0 1.0
1.0 -1.0 -1.0 -1.0 1.0
1.0 -1.0 -1.0 -1.0 1.0
Fitness: 993.4785441989228
Instances 31: 02-Apr-14
1.0 -1.0 0.0 -1.0 1.0
1.0 -1.0 0.0 -1.0 1.0
1.0 -1.0 0.0 -1.0 1.0
1.0 -1.0 0.0 -1.0 1.0
1.0 -1.0 0.0 -1.0 1.0
1.0 -1.0 0.0 -1.0 1.0
1.0 -1.0 0.0 -1.0 1.0
1.0 -1.0 0.0 -1.0 1.0
1.0 -1.0 0.0 -1.0 1.0
1.0 -1.0 0.0 -1.0 1.0
1.0 -1.0 0.0 -1.0 1.0
1.0 -1.0 0.0 -1.0 1.0
1.0 -1.0 0.0 -1.0 1.0
1.0 -1.0 0.0 -1.0 1.0
1.0 -1.0 0.0 -1.0 1.0
1.0 -1.0 0.0 -1.0 1.0
1.0 -1.0 0.0 -1.0 1.0
1.0 -1.0 0.0 -1.0 1.0
1.0 -1.0 0.0 -1.0 1.0
1.0 -1.0 -1.0 -1.0 1.0
1.0 -1.0 -1.0 -1.0 1.0
1.0 -1.0 -1.0 -1.0 1.0
1.0 -1.0 -1.0 -1.0 1.0
1.0 -1.0 -1.0 -1.0 1.0
Fitness: -1211.951761618422
Instances 32: 23-Apr-14
1.0 -1.0 0.0 -1.0 1.0
1.0 -1.0 0.0 -1.0 1.0
1.0 -1.0 0.0 -1.0 1.0
1.0 -1.0 0.0 -1.0 1.0
1.0 -1.0 0.0 -1.0 1.0
1.0 -1.0 0.0 -1.0 1.0
1.0 -1.0 0.0 -1.0 1.0
1.0 -1.0 0.0 -1.0 1.0
1.0 -1.0 0.0 -1.0 1.0
1.0 -1.0 0.0 -1.0 1.0
1.0 -1.0 0.0 -1.0 1.0
1.0 -1.0 0.0 -1.0 1.0
1.0 -1.0 0.0 -1.0 1.0
1.0 -1.0 0.0 -1.0 1.0
1.0 -1.0 0.0 -1.0 1.0
1.0 -1.0 0.0 -1.0 1.0
1.0 -1.0 0.0 -1.0 1.0
1.0 -1.0 0.0 -1.0 1.0
1.0 -1.0 0.0 -1.0 1.0
1.0 -1.0 -1.0 -1.0 1.0
1.0 -1.0 -1.0 -1.0 1.0
1.0 -1.0 -1.0 -1.0 1.0
1.0 -1.0 -1.0 -1.0 1.0
1.0 -1.0 -1.0 -1.0 1.0
Fitness: -743.4198030518028
Instances 33: 24-Apr-14
1.0 -1.0 0.0 -1.0 1.0
1.0 -1.0 0.0 -1.0 1.0
1.0 -1.0 0.0 -1.0 1.0
1.0 -1.0 0.0 -1.0 1.0
1.0 -1.0 0.0 -1.0 1.0
1.0 -1.0 0.0 -1.0 1.0
1.0 -1.0 0.0 -1.0 1.0
1.0 -1.0 0.0 -1.0 1.0
1.0 -1.0 0.0 -1.0 1.0
1.0 -1.0 0.0 -1.0 1.0
1.0 -1.0 0.0 -1.0 1.0
1.0 -1.0 0.0 -1.0 1.0
1.0 -1.0 0.0 -1.0 1.0
1.0 -1.0 0.0 -1.0 1.0
1.0 -1.0 0.0 -1.0 1.0
1.0 -1.0 0.0 -1.0 1.0
1.0 -1.0 0.0 -1.0 1.0
1.0 -1.0 0.0 -1.0 1.0
1.0 -1.0 0.0 -1.0 1.0
1.0 -1.0 -1.0 -1.0 1.0
1.0 -1.0 -1.0 -1.0 1.0
1.0 -1.0 -1.0 -1.0 1.0
1.0 -1.0 -1.0 -1.0 1.0
1.0 -1.0 -1.0 -1.0 1.0
Fitness: 568.3783780687066
Instances 34: 25-Apr-14
1.0 -1.0 0.0 -1.0 1.0
1.0 -1.0 0.0 -1.0 1.0
1.0 -1.0 0.0 -1.0 1.0
1.0 -1.0 0.0 -1.0 1.0
1.0 -1.0 0.0 -1.0 1.0
1.0 -1.0 0.0 -1.0 1.0
1.0 -1.0 0.0 -1.0 1.0
1.0 -1.0 0.0 -1.0 1.0
1.0 -1.0 0.0 -1.0 1.0
1.0 -1.0 0.0 -1.0 1.0
1.0 -1.0 0.0 -1.0 1.0
1.0 -1.0 0.0 -1.0 1.0
1.0 -1.0 0.0 -1.0 1.0
1.0 -1.0 0.0 -1.0 1.0
1.0 -1.0 0.0 -1.0 1.0
1.0 -1.0 0.0 -1.0 1.0
1.0 -1.0 0.0 -1.0 1.0
1.0 -1.0 0.0 -1.0 1.0
1.0 -1.0 0.0 -1.0 1.0
1.0 -1.0 -1.0 -1.0 1.0
1.0 -1.0 -1.0 -1.0 1.0
1.0 -1.0 -1.0 -1.0 1.0
1.0 -1.0 -1.0 -1.0 1.0
1.0 -1.0 -1.0 -1.0 1.0
Fitness: 837.7202875016051
Instances 35: 26-Apr-14
1.0 -1.0 0.0 -1.0 1.0
1.0 -1.0 0.0 -1.0 1.0
1.0 -1.0 0.0 -1.0 1.0
1.0 -1.0 0.0 -1.0 1.0
1.0 -1.0 0.0 -1.0 1.0
1.0 -1.0 0.0 -1.0 1.0
1.0 -1.0 0.0 -1.0 1.0
1.0 -1.0 0.0 -1.0 1.0
1.0 -1.0 0.0 -1.0 1.0
1.0 -1.0 0.0 -1.0 1.0
1.0 -1.0 0.0 -1.0 1.0
1.0 -1.0 0.0 -1.0 1.0
1.0 -1.0 0.0 -1.0 1.0
1.0 -1.0 0.0 -1.0 1.0
1.0 -1.0 0.0 -1.0 1.0
1.0 -1.0 0.0 -1.0 1.0
1.0 -1.0 0.0 -1.0 1.0
1.0 -1.0 0.0 -1.0 1.0
1.0 -1.0 0.0 -1.0 1.0
1.0 -1.0 -1.0 -1.0 1.0
1.0 -1.0 -1.0 -1.0 1.0
1.0 -1.0 -1.0 -1.0 1.0
1.0 -1.0 -1.0 -1.0 1.0
1.0 -1.0 -1.0 -1.0 1.0
Fitness: 590.7313088424071
Instances 36: 27-Apr-14
1.0 -1.0 0.0 -1.0 1.0
1.0 -1.0 0.0 -1.0 1.0
1.0 -1.0 0.0 -1.0 1.0
1.0 -1.0 0.0 -1.0 1.0
1.0 -1.0 0.0 -1.0 1.0
1.0 -1.0 0.0 -1.0 1.0
1.0 -1.0 0.0 -1.0 1.0
1.0 -1.0 0.0 -1.0 1.0
1.0 -1.0 0.0 -1.0 1.0
1.0 -1.0 0.0 -1.0 1.0
1.0 -1.0 0.0 -1.0 1.0
1.0 -1.0 0.0 -1.0 1.0
1.0 -1.0 0.0 -1.0 1.0
1.0 -1.0 0.0 -1.0 1.0
1.0 -1.0 0.0 -1.0 1.0
1.0 -1.0 0.0 -1.0 1.0
1.0 -1.0 0.0 -1.0 1.0
1.0 -1.0 0.0 -1.0 1.0
1.0 -1.0 0.0 -1.0 1.0
1.0 -1.0 -1.0 -1.0 1.0
1.0 -1.0 -1.0 -1.0 1.0
1.0 -1.0 -1.0 -1.0 1.0
1.0 -1.0 -1.0 -1.0 1.0
1.0 -1.0 -1.0 -1.0 1.0
Fitness: 829.8455907600003
Instances 37: 28-Apr-14
1.0 -1.0 0.0 -1.0 1.0
1.0 -1.0 0.0 -1.0 1.0
1.0 -1.0 0.0 -1.0 1.0
1.0 -1.0 0.0 -1.0 1.0
1.0 -1.0 0.0 -1.0 1.0
1.0 -1.0 0.0 -1.0 1.0
1.0 -1.0 0.0 -1.0 1.0
1.0 -1.0 0.0 -1.0 1.0
1.0 -1.0 0.0 -1.0 1.0
1.0 -1.0 0.0 -1.0 1.0
1.0 -1.0 0.0 -1.0 1.0
1.0 -1.0 0.0 -1.0 1.0
1.0 -1.0 0.0 -1.0 1.0
1.0 -1.0 0.0 -1.0 1.0
1.0 -1.0 0.0 -1.0 1.0
1.0 -1.0 0.0 -1.0 1.0
1.0 -1.0 0.0 -1.0 1.0
1.0 -1.0 0.0 -1.0 1.0
1.0 -1.0 0.0 -1.0 1.0
1.0 -1.0 -1.0 -1.0 1.0
1.0 -1.0 -1.0 -1.0 1.0
1.0 -1.0 -1.0 -1.0 1.0
1.0 -1.0 -1.0 -1.0 1.0
1.0 -1.0 -1.0 -1.0 1.0
Fitness: 798.4327107154095
Instances 38: 29-Apr-14
1.0 -1.0 0.0 -1.0 1.0
1.0 -1.0 0.0 -1.0 1.0
1.0 -1.0 0.0 -1.0 1.0
1.0 -1.0 0.0 -1.0 1.0
1.0 -1.0 0.0 -1.0 1.0
1.0 -1.0 0.0 -1.0 1.0
1.0 -1.0 0.0 -1.0 1.0
1.0 -1.0 0.0 -1.0 1.0
1.0 -1.0 0.0 -1.0 1.0
1.0 -1.0 0.0 -1.0 1.0
1.0 -1.0 0.0 -1.0 1.0
1.0 -1.0 0.0 -1.0 1.0
1.0 -1.0 0.0 -1.0 1.0
1.0 -1.0 0.0 -1.0 1.0
1.0 -1.0 0.0 -1.0 1.0
1.0 -1.0 0.0 -1.0 1.0
1.0 -1.0 0.0 -1.0 1.0
1.0 -1.0 0.0 -1.0 1.0
1.0 -1.0 0.0 -1.0 1.0
1.0 -1.0 -1.0 -1.0 1.0
1.0 -1.0 -1.0 -1.0 1.0
1.0 -1.0 -1.0 -1.0 1.0
1.0 -1.0 -1.0 -1.0 1.0
1.0 -1.0 -1.0 -1.0 1.0
Fitness: 381.44790880478763
Instances 39: 30-Apr-14
1.0 -1.0 0.0 -1.0 1.0
1.0 -1.0 0.0 -1.0 1.0
1.0 -1.0 0.0 -1.0 1.0
1.0 -1.0 0.0 -1.0 1.0
1.0 -1.0 0.0 -1.0 1.0
1.0 -1.0 0.0 -1.0 1.0
1.0 -1.0 0.0 -1.0 1.0
1.0 -1.0 0.0 -1.0 1.0
1.0 -1.0 0.0 -1.0 1.0
1.0 -1.0 0.0 -1.0 1.0
1.0 -1.0 0.0 -1.0 1.0
1.0 -1.0 0.0 -1.0 1.0
1.0 -1.0 0.0 -1.0 1.0
1.0 -1.0 0.0 -1.0 1.0
1.0 -1.0 0.0 -1.0 1.0
1.0 -1.0 0.0 -1.0 1.0
1.0 -1.0 0.0 -1.0 1.0
1.0 -1.0 0.0 -1.0 1.0
1.0 -1.0 0.0 -1.0 1.0
1.0 -1.0 -1.0 -1.0 1.0
1.0 -1.0 -1.0 -1.0 1.0
1.0 -1.0 -1.0 -1.0 1.0
1.0 -1.0 -1.0 -1.0 1.0
1.0 -1.0 -1.0 -1.0 1.0
Fitness: -593.4635866813654
Instances 40: 01-May-14
1.0 -1.0 0.0 -1.0 1.0
1.0 -1.0 0.0 -1.0 1.0
1.0 -1.0 0.0 -1.0 1.0
1.0 -1.0 0.0 -1.0 1.0
1.0 -1.0 0.0 -1.0 1.0
1.0 -1.0 0.0 -1.0 1.0
1.0 -1.0 0.0 -1.0 1.0
1.0 -1.0 0.0 -1.0 1.0
1.0 -1.0 0.0 -1.0 1.0
1.0 -1.0 0.0 -1.0 1.0
1.0 -1.0 0.0 -1.0 1.0
1.0 -1.0 0.0 -1.0 1.0
1.0 -1.0 0.0 -1.0 1.0
1.0 -1.0 0.0 -1.0 1.0
1.0 -1.0 0.0 -1.0 1.0
1.0 -1.0 0.0 -1.0 1.0
1.0 -1.0 0.0 -1.0 1.0
1.0 -1.0 0.0 -1.0 1.0
1.0 -1.0 0.0 -1.0 1.0
1.0 -1.0 -1.0 -1.0 1.0
1.0 -1.0 -1.0 -1.0 1.0
1.0 -1.0 -1.0 -1.0 1.0
1.0 -1.0 -1.0 -1.0 1.0
1.0 -1.0 -1.0 -1.0 1.0
Fitness: 279.92163983131667
Instances 41: 02-May-14
1.0 -1.0 0.0 -1.0 1.0
1.0 -1.0 0.0 -1.0 1.0
1.0 -1.0 0.0 -1.0 1.0
1.0 -1.0 0.0 -1.0 1.0
1.0 -1.0 0.0 -1.0 1.0
1.0 -1.0 0.0 -1.0 1.0
1.0 -1.0 0.0 -1.0 1.0
1.0 -1.0 0.0 -1.0 1.0
1.0 -1.0 0.0 -1.0 1.0
1.0 -1.0 0.0 -1.0 1.0
1.0 -1.0 0.0 -1.0 1.0
1.0 -1.0 0.0 -1.0 1.0
1.0 -1.0 0.0 -1.0 1.0
1.0 -1.0 0.0 -1.0 1.0
1.0 -1.0 0.0 -1.0 1.0
1.0 -1.0 0.0 -1.0 1.0
1.0 -1.0 0.0 -1.0 1.0
1.0 -1.0 0.0 -1.0 1.0
1.0 -1.0 0.0 -1.0 1.0
1.0 -1.0 -1.0 -1.0 1.0
1.0 -1.0 -1.0 -1.0 1.0
1.0 -1.0 -1.0 -1.0 1.0
1.0 -1.0 -1.0 -1.0 1.0
1.0 -1.0 -1.0 -1.0 1.0
Fitness: 1417.5495162799998
Instances 42: 03-May-14
1.0 -1.0 0.0 -1.0 1.0
1.0 -1.0 0.0 -1.0 1.0
1.0 -1.0 0.0 -1.0 1.0
1.0 -1.0 0.0 -1.0 1.0
1.0 -1.0 0.0 -1.0 1.0
1.0 -1.0 0.0 -1.0 1.0
1.0 -1.0 0.0 -1.0 1.0
1.0 -1.0 0.0 -1.0 1.0
1.0 -1.0 0.0 -1.0 1.0
1.0 -1.0 0.0 -1.0 1.0
1.0 -1.0 0.0 -1.0 1.0
1.0 -1.0 0.0 -1.0 1.0
1.0 -1.0 0.0 -1.0 1.0
1.0 -1.0 0.0 -1.0 1.0
1.0 -1.0 0.0 -1.0 1.0
1.0 -1.0 0.0 -1.0 1.0
1.0 -1.0 0.0 -1.0 1.0
1.0 -1.0 0.0 -1.0 1.0
1.0 -1.0 0.0 -1.0 1.0
1.0 -1.0 -1.0 -1.0 1.0
1.0 -1.0 -1.0 -1.0 1.0
1.0 -1.0 -1.0 -1.0 1.0
1.0 -1.0 -1.0 -1.0 1.0
1.0 -1.0 -1.0 -1.0 1.0
Fitness: -914.218550472782
Instances 43: 24-May-14
1.0 -1.0 0.0 -1.0 1.0
1.0 -1.0 0.0 -1.0 1.0
1.0 -1.0 0.0 -1.0 1.0
1.0 -1.0 0.0 -1.0 1.0
1.0 -1.0 0.0 -1.0 1.0
1.0 -1.0 0.0 -1.0 1.0
1.0 -1.0 0.0 -1.0 1.0
1.0 -1.0 0.0 -1.0 1.0
1.0 -1.0 0.0 -1.0 1.0
1.0 -1.0 0.0 -1.0 1.0
1.0 -1.0 0.0 -1.0 1.0
1.0 -1.0 0.0 -1.0 1.0
1.0 -1.0 0.0 -1.0 1.0
1.0 -1.0 0.0 -1.0 1.0
1.0 -1.0 0.0 -1.0 1.0
1.0 -1.0 0.0 -1.0 1.0
1.0 -1.0 0.0 -1.0 1.0
1.0 -1.0 0.0 -1.0 1.0
1.0 -1.0 0.0 -1.0 1.0
1.0 -1.0 -1.0 -1.0 1.0
1.0 -1.0 -1.0 -1.0 1.0
1.0 -1.0 -1.0 -1.0 1.0
1.0 -1.0 -1.0 -1.0 1.0
1.0 -1.0 -1.0 -1.0 1.0
Fitness: 1648.8518122
Instances 44: 25-May-14
1.0 -1.0 0.0 -1.0 1.0
1.0 -1.0 0.0 -1.0 1.0
1.0 -1.0 0.0 -1.0 1.0
1.0 -1.0 0.0 -1.0 1.0
1.0 -1.0 0.0 -1.0 1.0
1.0 -1.0 0.0 -1.0 1.0
1.0 -1.0 0.0 -1.0 1.0
1.0 -1.0 0.0 -1.0 1.0
1.0 -1.0 0.0 -1.0 1.0
1.0 -1.0 0.0 -1.0 1.0
1.0 -1.0 0.0 -1.0 1.0
1.0 -1.0 0.0 -1.0 1.0
1.0 -1.0 0.0 -1.0 1.0
1.0 -1.0 0.0 -1.0 1.0
1.0 -1.0 0.0 -1.0 1.0
1.0 -1.0 0.0 -1.0 1.0
1.0 -1.0 0.0 -1.0 1.0
1.0 -1.0 0.0 -1.0 1.0
1.0 -1.0 0.0 -1.0 1.0
1.0 -1.0 -1.0 -1.0 1.0
1.0 -1.0 -1.0 -1.0 1.0
1.0 -1.0 -1.0 -1.0 1.0
1.0 -1.0 -1.0 -1.0 1.0
1.0 -1.0 -1.0 -1.0 1.0
Fitness: 1696.6795656000002
Instances 45: 26-May-14
1.0 -1.0 0.0 -1.0 1.0
1.0 -1.0 0.0 -1.0 1.0
1.0 -1.0 0.0 -1.0 1.0
1.0 -1.0 0.0 -1.0 1.0
1.0 -1.0 0.0 -1.0 1.0
1.0 -1.0 0.0 -1.0 1.0
1.0 -1.0 0.0 -1.0 1.0
1.0 -1.0 0.0 -1.0 1.0
1.0 -1.0 0.0 -1.0 1.0
1.0 -1.0 0.0 -1.0 1.0
1.0 -1.0 0.0 -1.0 1.0
1.0 -1.0 0.0 -1.0 1.0
1.0 -1.0 0.0 -1.0 1.0
1.0 -1.0 0.0 -1.0 1.0
1.0 -1.0 0.0 -1.0 1.0
1.0 -1.0 0.0 -1.0 1.0
1.0 -1.0 0.0 -1.0 1.0
1.0 -1.0 0.0 -1.0 1.0
1.0 -1.0 0.0 -1.0 1.0
1.0 -1.0 -1.0 -1.0 1.0
1.0 -1.0 -1.0 -1.0 1.0
1.0 -1.0 -1.0 -1.0 1.0
1.0 -1.0 -1.0 -1.0 1.0
1.0 -1.0 -1.0 -1.0 1.0
Fitness: 1111.1209320600003
Instances 46: 27-May-14
1.0 -1.0 0.0 -1.0 1.0
1.0 -1.0 0.0 -1.0 1.0
1.0 -1.0 0.0 -1.0 1.0
1.0 -1.0 0.0 -1.0 1.0
1.0 -1.0 0.0 -1.0 1.0
1.0 -1.0 0.0 -1.0 1.0
1.0 -1.0 0.0 -1.0 1.0
1.0 -1.0 0.0 -1.0 1.0
1.0 -1.0 0.0 -1.0 1.0
1.0 -1.0 0.0 -1.0 1.0
1.0 -1.0 0.0 -1.0 1.0
1.0 -1.0 0.0 -1.0 1.0
1.0 -1.0 0.0 -1.0 1.0
1.0 -1.0 0.0 -1.0 1.0
1.0 -1.0 0.0 -1.0 1.0
1.0 -1.0 0.0 -1.0 1.0
1.0 -1.0 0.0 -1.0 1.0
1.0 -1.0 0.0 -1.0 1.0
1.0 -1.0 0.0 -1.0 1.0
1.0 -1.0 -1.0 -1.0 1.0
1.0 -1.0 -1.0 -1.0 1.0
1.0 -1.0 -1.0 -1.0 1.0
1.0 -1.0 -1.0 -1.0 1.0
1.0 -1.0 -1.0 -1.0 1.0
Fitness: 1101.90379858
Instances 47: 28-May-14
1.0 -1.0 0.0 -1.0 1.0
1.0 -1.0 0.0 -1.0 1.0
1.0 -1.0 0.0 -1.0 1.0
1.0 -1.0 0.0 -1.0 1.0
1.0 -1.0 0.0 -1.0 1.0
1.0 -1.0 0.0 -1.0 1.0
1.0 -1.0 0.0 -1.0 1.0
1.0 -1.0 0.0 -1.0 1.0
1.0 -1.0 0.0 -1.0 1.0
1.0 -1.0 0.0 -1.0 1.0
1.0 -1.0 0.0 -1.0 1.0
1.0 -1.0 0.0 -1.0 1.0
1.0 -1.0 0.0 -1.0 1.0
1.0 -1.0 0.0 -1.0 1.0
1.0 -1.0 0.0 -1.0 1.0
1.0 -1.0 0.0 -1.0 1.0
1.0 -1.0 0.0 -1.0 1.0
1.0 -1.0 0.0 -1.0 1.0
1.0 -1.0 0.0 -1.0 1.0
1.0 -1.0 -1.0 -1.0 1.0
1.0 -1.0 -1.0 -1.0 1.0
1.0 -1.0 -1.0 -1.0 1.0
1.0 -1.0 -1.0 -1.0 1.0
1.0 -1.0 -1.0 -1.0 1.0
Fitness: 1313.4275408
Instances 48: 29-May-14
1.0 -1.0 0.0 -1.0 1.0
1.0 -1.0 0.0 -1.0 1.0
1.0 -1.0 0.0 -1.0 1.0
1.0 -1.0 0.0 -1.0 1.0
1.0 -1.0 0.0 -1.0 1.0
1.0 -1.0 0.0 -1.0 1.0
1.0 -1.0 0.0 -1.0 1.0
1.0 -1.0 0.0 -1.0 1.0
1.0 -1.0 0.0 -1.0 1.0
1.0 -1.0 0.0 -1.0 1.0
1.0 -1.0 0.0 -1.0 1.0
1.0 -1.0 0.0 -1.0 1.0
1.0 -1.0 0.0 -1.0 1.0
1.0 -1.0 0.0 -1.0 1.0
1.0 -1.0 0.0 -1.0 1.0
1.0 -1.0 0.0 -1.0 1.0
1.0 -1.0 0.0 -1.0 1.0
1.0 -1.0 0.0 -1.0 1.0
1.0 -1.0 0.0 -1.0 1.0
1.0 -1.0 -1.0 -1.0 1.0
1.0 -1.0 -1.0 -1.0 1.0
1.0 -1.0 -1.0 -1.0 1.0
1.0 -1.0 -1.0 -1.0 1.0
1.0 -1.0 -1.0 -1.0 1.0
Fitness: 1193.4927023600005
Instances 49: 30-May-14
1.0 -1.0 0.0 -1.0 1.0
1.0 -1.0 0.0 -1.0 1.0
1.0 -1.0 0.0 -1.0 1.0
1.0 -1.0 0.0 -1.0 1.0
1.0 -1.0 0.0 -1.0 1.0
1.0 -1.0 0.0 -1.0 1.0
1.0 -1.0 0.0 -1.0 1.0
1.0 -1.0 0.0 -1.0 1.0
1.0 -1.0 0.0 -1.0 1.0
1.0 -1.0 0.0 -1.0 1.0
1.0 -1.0 0.0 -1.0 1.0
1.0 -1.0 0.0 -1.0 1.0
1.0 -1.0 0.0 -1.0 1.0
1.0 -1.0 0.0 -1.0 1.0
1.0 -1.0 0.0 -1.0 1.0
1.0 -1.0 0.0 -1.0 1.0
1.0 -1.0 0.0 -1.0 1.0
1.0 -1.0 0.0 -1.0 1.0
1.0 -1.0 0.0 -1.0 1.0
1.0 -1.0 -1.0 -1.0 1.0
1.0 -1.0 -1.0 -1.0 1.0
1.0 -1.0 -1.0 -1.0 1.0
1.0 -1.0 -1.0 -1.0 1.0
1.0 -1.0 -1.0 -1.0 1.0
Fitness: 1362.40903504
Instances 50: 31-May-14
1.0 -1.0 0.0 -1.0 1.0
1.0 -1.0 0.0 -1.0 1.0
1.0 -1.0 0.0 -1.0 1.0
1.0 -1.0 0.0 -1.0 1.0
1.0 -1.0 0.0 -1.0 1.0
1.0 -1.0 0.0 -1.0 1.0
1.0 -1.0 0.0 -1.0 1.0
1.0 -1.0 0.0 -1.0 1.0
1.0 -1.0 0.0 -1.0 1.0
1.0 -1.0 0.0 -1.0 1.0
1.0 -1.0 0.0 -1.0 1.0
1.0 -1.0 0.0 -1.0 1.0
1.0 -1.0 0.0 -1.0 1.0
1.0 -1.0 0.0 -1.0 1.0
1.0 -1.0 0.0 -1.0 1.0
1.0 -1.0 0.0 -1.0 1.0
1.0 -1.0 0.0 -1.0 1.0
1.0 -1.0 0.0 -1.0 1.0
1.0 -1.0 0.0 -1.0 1.0
1.0 -1.0 -1.0 -1.0 1.0
1.0 -1.0 -1.0 -1.0 1.0
1.0 -1.0 -1.0 -1.0 1.0
1.0 -1.0 -1.0 -1.0 1.0
1.0 -1.0 -1.0 -1.0 1.0
Fitness: 1552.6979143599997
Instances 51: 01-Jun-14
1.0 -1.0 0.0 -1.0 1.0
1.0 -1.0 0.0 -1.0 1.0
1.0 -1.0 0.0 -1.0 1.0
1.0 -1.0 0.0 -1.0 1.0
1.0 -1.0 0.0 -1.0 1.0
1.0 -1.0 0.0 -1.0 1.0
1.0 -1.0 0.0 -1.0 1.0
1.0 -1.0 0.0 -1.0 1.0
1.0 -1.0 0.0 -1.0 1.0
1.0 -1.0 0.0 -1.0 1.0
1.0 -1.0 0.0 -1.0 1.0
1.0 -1.0 0.0 -1.0 1.0
1.0 -1.0 0.0 -1.0 1.0
1.0 -1.0 0.0 -1.0 1.0
1.0 -1.0 0.0 -1.0 1.0
1.0 -1.0 0.0 -1.0 1.0
1.0 -1.0 0.0 -1.0 1.0
1.0 -1.0 0.0 -1.0 1.0
1.0 -1.0 0.0 -1.0 1.0
1.0 -1.0 -1.0 -1.0 1.0
1.0 -1.0 -1.0 -1.0 1.0
1.0 -1.0 -1.0 -1.0 1.0
1.0 -1.0 -1.0 -1.0 1.0
1.0 -1.0 -1.0 -1.0 1.0
Fitness: 1527.38711052
Instances 52: 02-Jun-14
1.0 -1.0 0.0 -1.0 1.0
1.0 -1.0 0.0 -1.0 1.0
1.0 -1.0 0.0 -1.0 1.0
1.0 -1.0 0.0 -1.0 1.0
1.0 -1.0 0.0 -1.0 1.0
1.0 -1.0 0.0 -1.0 1.0
1.0 -1.0 0.0 -1.0 1.0
1.0 -1.0 0.0 -1.0 1.0
1.0 -1.0 0.0 -1.0 1.0
1.0 -1.0 0.0 -1.0 1.0
1.0 -1.0 0.0 -1.0 1.0
1.0 -1.0 0.0 -1.0 1.0
1.0 -1.0 0.0 -1.0 1.0
1.0 -1.0 0.0 -1.0 1.0
1.0 -1.0 0.0 -1.0 1.0
1.0 -1.0 0.0 -1.0 1.0
1.0 -1.0 0.0 -1.0 1.0
1.0 -1.0 0.0 -1.0 1.0
1.0 -1.0 0.0 -1.0 1.0
1.0 -1.0 -1.0 -1.0 1.0
1.0 -1.0 -1.0 -1.0 1.0
1.0 -1.0 -1.0 -1.0 1.0
1.0 -1.0 -1.0 -1.0 1.0
1.0 -1.0 -1.0 -1.0 1.0
Fitness: 1246.16009904
Instances 53: 23-Jun-14
1.0 -1.0 0.0 -1.0 1.0
1.0 -1.0 0.0 -1.0 1.0
1.0 -1.0 0.0 -1.0 1.0
1.0 -1.0 0.0 -1.0 1.0
1.0 -1.0 0.0 -1.0 1.0
1.0 -1.0 0.0 -1.0 1.0
1.0 -1.0 0.0 -1.0 1.0
1.0 -1.0 0.0 -1.0 1.0
1.0 -1.0 0.0 -1.0 1.0
1.0 -1.0 0.0 -1.0 1.0
1.0 -1.0 0.0 -1.0 1.0
1.0 -1.0 0.0 -1.0 1.0
1.0 -1.0 0.0 -1.0 1.0
1.0 -1.0 0.0 -1.0 1.0
1.0 -1.0 0.0 -1.0 1.0
1.0 -1.0 0.0 -1.0 1.0
1.0 -1.0 0.0 -1.0 1.0
1.0 -1.0 0.0 -1.0 1.0
1.0 -1.0 0.0 -1.0 1.0
1.0 -1.0 -1.0 -1.0 1.0
1.0 -1.0 -1.0 -1.0 1.0
1.0 -1.0 -1.0 -1.0 1.0
1.0 -1.0 -1.0 -1.0 1.0
1.0 -1.0 -1.0 -1.0 1.0
Fitness: 1383.9139436400003
Instances 54: 24-Jun-14
1.0 -1.0 0.0 -1.0 1.0
1.0 -1.0 0.0 -1.0 1.0
1.0 -1.0 0.0 -1.0 1.0
1.0 -1.0 0.0 -1.0 1.0
1.0 -1.0 0.0 -1.0 1.0
1.0 -1.0 0.0 -1.0 1.0
1.0 -1.0 0.0 -1.0 1.0
1.0 -1.0 0.0 -1.0 1.0
1.0 -1.0 0.0 -1.0 1.0
1.0 -1.0 0.0 -1.0 1.0
1.0 -1.0 0.0 -1.0 1.0
1.0 -1.0 0.0 -1.0 1.0
1.0 -1.0 0.0 -1.0 1.0
1.0 -1.0 0.0 -1.0 1.0
1.0 -1.0 0.0 -1.0 1.0
1.0 -1.0 0.0 -1.0 1.0
1.0 -1.0 0.0 -1.0 1.0
1.0 -1.0 0.0 -1.0 1.0
1.0 -1.0 0.0 -1.0 1.0
1.0 -1.0 -1.0 -1.0 1.0
1.0 -1.0 -1.0 -1.0 1.0
1.0 -1.0 -1.0 -1.0 1.0
1.0 -1.0 -1.0 -1.0 1.0
1.0 -1.0 -1.0 -1.0 1.0
Fitness: 1285.7287499599997
Instances 55: 25-Jun-14
1.0 -1.0 0.0 -1.0 1.0
1.0 -1.0 0.0 -1.0 1.0
1.0 -1.0 0.0 -1.0 1.0
1.0 -1.0 0.0 -1.0 1.0
1.0 -1.0 0.0 -1.0 1.0
1.0 -1.0 0.0 -1.0 1.0
1.0 -1.0 0.0 -1.0 1.0
1.0 -1.0 0.0 -1.0 1.0
1.0 -1.0 0.0 -1.0 1.0
1.0 -1.0 0.0 -1.0 1.0
1.0 -1.0 0.0 -1.0 1.0
1.0 -1.0 0.0 -1.0 1.0
1.0 -1.0 0.0 -1.0 1.0
1.0 -1.0 0.0 -1.0 1.0
1.0 -1.0 0.0 -1.0 1.0
1.0 -1.0 0.0 -1.0 1.0
1.0 -1.0 0.0 -1.0 1.0
1.0 -1.0 0.0 -1.0 1.0
1.0 -1.0 0.0 -1.0 1.0
1.0 -1.0 -1.0 -1.0 1.0
1.0 -1.0 -1.0 -1.0 1.0
1.0 -1.0 -1.0 -1.0 1.0
1.0 -1.0 -1.0 -1.0 1.0
1.0 -1.0 -1.0 -1.0 1.0
Fitness: 1514.4923769600002
Instances 56: 26-Jun-14
1.0 -1.0 0.0 -1.0 1.0
1.0 -1.0 0.0 -1.0 1.0
1.0 -1.0 0.0 -1.0 1.0
1.0 -1.0 0.0 -1.0 1.0
1.0 -1.0 0.0 -1.0 1.0
1.0 -1.0 0.0 -1.0 1.0
1.0 -1.0 0.0 -1.0 1.0
1.0 -1.0 0.0 -1.0 1.0
1.0 -1.0 0.0 -1.0 1.0
1.0 -1.0 0.0 -1.0 1.0
1.0 -1.0 0.0 -1.0 1.0
1.0 -1.0 0.0 -1.0 1.0
1.0 -1.0 0.0 -1.0 1.0
1.0 -1.0 0.0 -1.0 1.0
1.0 -1.0 0.0 -1.0 1.0
1.0 -1.0 0.0 -1.0 1.0
1.0 -1.0 0.0 -1.0 1.0
1.0 -1.0 0.0 -1.0 1.0
1.0 -1.0 0.0 -1.0 1.0
1.0 -1.0 -1.0 -1.0 1.0
1.0 -1.0 -1.0 -1.0 1.0
1.0 -1.0 -1.0 -1.0 1.0
1.0 -1.0 -1.0 -1.0 1.0
1.0 -1.0 -1.0 -1.0 1.0
Fitness: 1592.6909321999997
Instances 57: 27-Jun-14
1.0 -1.0 0.0 -1.0 1.0
1.0 -1.0 0.0 -1.0 1.0
1.0 -1.0 0.0 -1.0 1.0
1.0 -1.0 0.0 -1.0 1.0
1.0 -1.0 0.0 -1.0 1.0
1.0 -1.0 0.0 -1.0 1.0
1.0 -1.0 0.0 -1.0 1.0
1.0 -1.0 0.0 -1.0 1.0
1.0 -1.0 0.0 -1.0 1.0
1.0 -1.0 0.0 -1.0 1.0
1.0 -1.0 0.0 -1.0 1.0
1.0 -1.0 0.0 -1.0 1.0
1.0 -1.0 0.0 -1.0 1.0
1.0 -1.0 0.0 -1.0 1.0
1.0 -1.0 0.0 -1.0 1.0
1.0 -1.0 0.0 -1.0 1.0
1.0 -1.0 0.0 -1.0 1.0
1.0 -1.0 0.0 -1.0 1.0
1.0 -1.0 0.0 -1.0 1.0
1.0 -1.0 -1.0 -1.0 1.0
1.0 -1.0 -1.0 -1.0 1.0
1.0 -1.0 -1.0 -1.0 1.0
1.0 -1.0 -1.0 -1.0 1.0
1.0 -1.0 -1.0 -1.0 1.0
Fitness: 1608.4351620799998
Instances 58: 28-Jun-14
1.0 -1.0 0.0 -1.0 1.0
1.0 -1.0 0.0 -1.0 1.0
1.0 -1.0 0.0 -1.0 1.0
1.0 -1.0 0.0 -1.0 1.0
1.0 -1.0 0.0 -1.0 1.0
1.0 -1.0 0.0 -1.0 1.0
1.0 -1.0 0.0 -1.0 1.0
1.0 -1.0 0.0 -1.0 1.0
1.0 -1.0 0.0 -1.0 1.0
1.0 -1.0 0.0 -1.0 1.0
1.0 -1.0 0.0 -1.0 1.0
1.0 -1.0 0.0 -1.0 1.0
1.0 -1.0 0.0 -1.0 1.0
1.0 -1.0 0.0 -1.0 1.0
1.0 -1.0 0.0 -1.0 1.0
1.0 -1.0 0.0 -1.0 1.0
1.0 -1.0 0.0 -1.0 1.0
1.0 -1.0 0.0 -1.0 1.0
1.0 -1.0 0.0 -1.0 1.0
1.0 -1.0 -1.0 -1.0 1.0
1.0 -1.0 -1.0 -1.0 1.0
1.0 -1.0 -1.0 -1.0 1.0
1.0 -1.0 -1.0 -1.0 1.0
1.0 -1.0 -1.0 -1.0 1.0
Fitness: 1308.8567390800001
Instances 59: 29-Jun-14
1.0 -1.0 0.0 -1.0 1.0
1.0 -1.0 0.0 -1.0 1.0
1.0 -1.0 0.0 -1.0 1.0
1.0 -1.0 0.0 -1.0 1.0
1.0 -1.0 0.0 -1.0 1.0
1.0 -1.0 0.0 -1.0 1.0
1.0 -1.0 0.0 -1.0 1.0
1.0 -1.0 0.0 -1.0 1.0
1.0 -1.0 0.0 -1.0 1.0
1.0 -1.0 0.0 -1.0 1.0
1.0 -1.0 0.0 -1.0 1.0
1.0 -1.0 0.0 -1.0 1.0
1.0 -1.0 0.0 -1.0 1.0
1.0 -1.0 0.0 -1.0 1.0
1.0 -1.0 0.0 -1.0 1.0
1.0 -1.0 0.0 -1.0 1.0
1.0 -1.0 0.0 -1.0 1.0
1.0 -1.0 0.0 -1.0 1.0
1.0 -1.0 0.0 -1.0 1.0
1.0 -1.0 -1.0 -1.0 1.0
1.0 -1.0 -1.0 -1.0 1.0
1.0 -1.0 -1.0 -1.0 1.0
1.0 -1.0 -1.0 -1.0 1.0
1.0 -1.0 -1.0 -1.0 1.0
Fitness: 1225.8493827599998
Instances 60: 30-Jun-14
1.0 -1.0 0.0 -1.0 1.0
1.0 -1.0 0.0 -1.0 1.0
1.0 -1.0 0.0 -1.0 1.0
1.0 -1.0 0.0 -1.0 1.0
1.0 -1.0 0.0 -1.0 1.0
1.0 -1.0 0.0 -1.0 1.0
1.0 -1.0 0.0 -1.0 1.0
1.0 -1.0 0.0 -1.0 1.0
1.0 -1.0 0.0 -1.0 1.0
1.0 -1.0 0.0 -1.0 1.0
1.0 -1.0 0.0 -1.0 1.0
1.0 -1.0 0.0 -1.0 1.0
1.0 -1.0 0.0 -1.0 1.0
1.0 -1.0 0.0 -1.0 1.0
1.0 -1.0 0.0 -1.0 1.0
1.0 -1.0 0.0 -1.0 1.0
1.0 -1.0 0.0 -1.0 1.0
1.0 -1.0 0.0 -1.0 1.0
1.0 -1.0 0.0 -1.0 1.0
1.0 -1.0 -1.0 -1.0 1.0
1.0 -1.0 -1.0 -1.0 1.0
1.0 -1.0 -1.0 -1.0 1.0
1.0 -1.0 -1.0 -1.0 1.0
1.0 -1.0 -1.0 -1.0 1.0
Fitness: 1134.702482
Instances 61: 01-Jul-14
1.0 -1.0 0.0 -1.0 1.0
1.0 -1.0 0.0 -1.0 1.0
1.0 -1.0 0.0 -1.0 1.0
1.0 -1.0 0.0 -1.0 1.0
1.0 -1.0 0.0 -1.0 1.0
1.0 -1.0 0.0 -1.0 1.0
1.0 -1.0 0.0 -1.0 1.0
1.0 -1.0 0.0 -1.0 1.0
1.0 -1.0 0.0 -1.0 1.0
1.0 -1.0 0.0 -1.0 1.0
1.0 -1.0 0.0 -1.0 1.0
1.0 -1.0 0.0 -1.0 1.0
1.0 -1.0 0.0 -1.0 1.0
1.0 -1.0 0.0 -1.0 1.0
1.0 -1.0 0.0 -1.0 1.0
1.0 -1.0 0.0 -1.0 1.0
1.0 -1.0 0.0 -1.0 1.0
1.0 -1.0 0.0 -1.0 1.0
1.0 -1.0 0.0 -1.0 1.0
1.0 -1.0 -1.0 -1.0 1.0
1.0 -1.0 -1.0 -1.0 1.0
1.0 -1.0 -1.0 -1.0 1.0
1.0 -1.0 -1.0 -1.0 1.0
1.0 -1.0 -1.0 -1.0 1.0
Fitness: 1400.98266882
Instances 62: 02-Jul-14
1.0 -1.0 0.0 -1.0 1.0
1.0 -1.0 0.0 -1.0 1.0
1.0 -1.0 0.0 -1.0 1.0
1.0 -1.0 0.0 -1.0 1.0
1.0 -1.0 0.0 -1.0 1.0
1.0 -1.0 0.0 -1.0 1.0
1.0 -1.0 0.0 -1.0 1.0
1.0 -1.0 0.0 -1.0 1.0
1.0 -1.0 0.0 -1.0 1.0
1.0 -1.0 0.0 -1.0 1.0
1.0 -1.0 0.0 -1.0 1.0
1.0 -1.0 0.0 -1.0 1.0
1.0 -1.0 0.0 -1.0 1.0
1.0 -1.0 0.0 -1.0 1.0
1.0 -1.0 0.0 -1.0 1.0
1.0 -1.0 0.0 -1.0 1.0
1.0 -1.0 0.0 -1.0 1.0
1.0 -1.0 0.0 -1.0 1.0
1.0 -1.0 0.0 -1.0 1.0
1.0 -1.0 -1.0 -1.0 1.0
1.0 -1.0 -1.0 -1.0 1.0
1.0 -1.0 -1.0 -1.0 1.0
1.0 -1.0 -1.0 -1.0 1.0
1.0 -1.0 -1.0 -1.0 1.0
Fitness: 1553.5918652399998
Instances 63: 03-Jul-14
1.0 -1.0 0.0 -1.0 1.0
1.0 -1.0 0.0 -1.0 1.0
1.0 -1.0 0.0 -1.0 1.0
1.0 -1.0 0.0 -1.0 1.0
1.0 -1.0 0.0 -1.0 1.0
1.0 -1.0 0.0 -1.0 1.0
1.0 -1.0 0.0 -1.0 1.0
1.0 -1.0 0.0 -1.0 1.0
1.0 -1.0 0.0 -1.0 1.0
1.0 -1.0 0.0 -1.0 1.0
1.0 -1.0 0.0 -1.0 1.0
1.0 -1.0 0.0 -1.0 1.0
1.0 -1.0 0.0 -1.0 1.0
1.0 -1.0 0.0 -1.0 1.0
1.0 -1.0 0.0 -1.0 1.0
1.0 -1.0 0.0 -1.0 1.0
1.0 -1.0 0.0 -1.0 1.0
1.0 -1.0 0.0 -1.0 1.0
1.0 -1.0 0.0 -1.0 1.0
1.0 -1.0 -1.0 -1.0 1.0
1.0 -1.0 -1.0 -1.0 1.0
1.0 -1.0 -1.0 -1.0 1.0
1.0 -1.0 -1.0 -1.0 1.0
1.0 -1.0 -1.0 -1.0 1.0
Fitness: 1761.5642834
Instances 64: 24-Jul-14
1.0 -1.0 0.0 -1.0 1.0
1.0 -1.0 0.0 -1.0 1.0
1.0 -1.0 0.0 -1.0 1.0
1.0 -1.0 0.0 -1.0 1.0
1.0 -1.0 0.0 -1.0 1.0
1.0 -1.0 0.0 -1.0 1.0
1.0 -1.0 0.0 -1.0 1.0
1.0 -1.0 0.0 -1.0 1.0
1.0 -1.0 0.0 -1.0 1.0
1.0 -1.0 0.0 -1.0 1.0
1.0 -1.0 0.0 -1.0 1.0
1.0 -1.0 0.0 -1.0 1.0
1.0 -1.0 0.0 -1.0 1.0
1.0 -1.0 0.0 -1.0 1.0
1.0 -1.0 0.0 -1.0 1.0
1.0 -1.0 0.0 -1.0 1.0
1.0 -1.0 0.0 -1.0 1.0
1.0 -1.0 0.0 -1.0 1.0
1.0 -1.0 0.0 -1.0 1.0
1.0 -1.0 -1.0 -1.0 1.0
1.0 -1.0 -1.0 -1.0 1.0
1.0 -1.0 -1.0 -1.0 1.0
1.0 -1.0 -1.0 -1.0 1.0
1.0 -1.0 -1.0 -1.0 1.0
Fitness: 1633.36545264
Instances 65: 25-Jul-14
1.0 -1.0 0.0 -1.0 1.0
1.0 -1.0 0.0 -1.0 1.0
1.0 -1.0 0.0 -1.0 1.0
1.0 -1.0 0.0 -1.0 1.0
1.0 -1.0 0.0 -1.0 1.0
1.0 -1.0 0.0 -1.0 1.0
1.0 -1.0 0.0 -1.0 1.0
1.0 -1.0 0.0 -1.0 1.0
1.0 -1.0 0.0 -1.0 1.0
1.0 -1.0 0.0 -1.0 1.0
1.0 -1.0 0.0 -1.0 1.0
1.0 -1.0 0.0 -1.0 1.0
1.0 -1.0 0.0 -1.0 1.0
1.0 -1.0 0.0 -1.0 1.0
1.0 -1.0 0.0 -1.0 1.0
1.0 -1.0 0.0 -1.0 1.0
1.0 -1.0 0.0 -1.0 1.0
1.0 -1.0 0.0 -1.0 1.0
1.0 -1.0 0.0 -1.0 1.0
1.0 -1.0 -1.0 -1.0 1.0
1.0 -1.0 -1.0 -1.0 1.0
1.0 -1.0 -1.0 -1.0 1.0
1.0 -1.0 -1.0 -1.0 1.0
1.0 -1.0 -1.0 -1.0 1.0
Fitness: 1753.7909254800002
Instances 66: 26-Jul-14
1.0 -1.0 0.0 -1.0 1.0
1.0 -1.0 0.0 -1.0 1.0
1.0 -1.0 0.0 -1.0 1.0
1.0 -1.0 0.0 -1.0 1.0
1.0 -1.0 0.0 -1.0 1.0
1.0 -1.0 0.0 -1.0 1.0
1.0 -1.0 0.0 -1.0 1.0
1.0 -1.0 0.0 -1.0 1.0
1.0 -1.0 0.0 -1.0 1.0
1.0 -1.0 0.0 -1.0 1.0
1.0 -1.0 0.0 -1.0 1.0
1.0 -1.0 0.0 -1.0 1.0
1.0 -1.0 0.0 -1.0 1.0
1.0 -1.0 0.0 -1.0 1.0
1.0 -1.0 0.0 -1.0 1.0
1.0 -1.0 0.0 -1.0 1.0
1.0 -1.0 0.0 -1.0 1.0
1.0 -1.0 0.0 -1.0 1.0
1.0 -1.0 0.0 -1.0 1.0
1.0 -1.0 -1.0 -1.0 1.0
1.0 -1.0 -1.0 -1.0 1.0
1.0 -1.0 -1.0 -1.0 1.0
1.0 -1.0 -1.0 -1.0 1.0
1.0 -1.0 -1.0 -1.0 1.0
Fitness: 1691.03962496
Instances 67: 27-Jul-14
1.0 -1.0 0.0 -1.0 1.0
1.0 -1.0 0.0 -1.0 1.0
1.0 -1.0 0.0 -1.0 1.0
1.0 -1.0 0.0 -1.0 1.0
1.0 -1.0 0.0 -1.0 1.0
1.0 -1.0 0.0 -1.0 1.0
1.0 -1.0 0.0 -1.0 1.0
1.0 -1.0 0.0 -1.0 1.0
1.0 -1.0 0.0 -1.0 1.0
1.0 -1.0 0.0 -1.0 1.0
1.0 -1.0 0.0 -1.0 1.0
1.0 -1.0 0.0 -1.0 1.0
1.0 -1.0 0.0 -1.0 1.0
1.0 -1.0 0.0 -1.0 1.0
1.0 -1.0 0.0 -1.0 1.0
1.0 -1.0 0.0 -1.0 1.0
1.0 -1.0 0.0 -1.0 1.0
1.0 -1.0 0.0 -1.0 1.0
1.0 -1.0 0.0 -1.0 1.0
1.0 -1.0 -1.0 -1.0 1.0
1.0 -1.0 -1.0 -1.0 1.0
1.0 -1.0 -1.0 -1.0 1.0
1.0 -1.0 -1.0 -1.0 1.0
1.0 -1.0 -1.0 -1.0 1.0
Fitness: 1623.1883042400002
Instances 68: 28-Jul-14
1.0 -1.0 0.0 -1.0 1.0
1.0 -1.0 0.0 -1.0 1.0
1.0 -1.0 0.0 -1.0 1.0
1.0 -1.0 0.0 -1.0 1.0
1.0 -1.0 0.0 -1.0 1.0
1.0 -1.0 0.0 -1.0 1.0
1.0 -1.0 0.0 -1.0 1.0
1.0 -1.0 0.0 -1.0 1.0
1.0 -1.0 0.0 -1.0 1.0
1.0 -1.0 0.0 -1.0 1.0
1.0 -1.0 0.0 -1.0 1.0
1.0 -1.0 0.0 -1.0 1.0
1.0 -1.0 0.0 -1.0 1.0
1.0 -1.0 0.0 -1.0 1.0
1.0 -1.0 0.0 -1.0 1.0
1.0 -1.0 0.0 -1.0 1.0
1.0 -1.0 0.0 -1.0 1.0
1.0 -1.0 0.0 -1.0 1.0
1.0 -1.0 0.0 -1.0 1.0
1.0 -1.0 -1.0 -1.0 1.0
1.0 -1.0 -1.0 -1.0 1.0
1.0 -1.0 -1.0 -1.0 1.0
1.0 -1.0 -1.0 -1.0 1.0
1.0 -1.0 -1.0 -1.0 1.0
Fitness: 1034.9767210800003
Instances 69: 29-Jul-14
1.0 -1.0 0.0 -1.0 1.0
1.0 -1.0 0.0 -1.0 1.0
1.0 -1.0 0.0 -1.0 1.0
1.0 -1.0 0.0 -1.0 1.0
1.0 -1.0 0.0 -1.0 1.0
1.0 -1.0 0.0 -1.0 1.0
1.0 -1.0 0.0 -1.0 1.0
1.0 -1.0 0.0 -1.0 1.0
1.0 -1.0 0.0 -1.0 1.0
1.0 -1.0 0.0 -1.0 1.0
1.0 -1.0 0.0 -1.0 1.0
1.0 -1.0 0.0 -1.0 1.0
1.0 -1.0 0.0 -1.0 1.0
1.0 -1.0 0.0 -1.0 1.0
1.0 -1.0 0.0 -1.0 1.0
1.0 -1.0 0.0 -1.0 1.0
1.0 -1.0 0.0 -1.0 1.0
1.0 -1.0 0.0 -1.0 1.0
1.0 -1.0 0.0 -1.0 1.0
1.0 -1.0 -1.0 -1.0 1.0
1.0 -1.0 -1.0 -1.0 1.0
1.0 -1.0 -1.0 -1.0 1.0
1.0 -1.0 -1.0 -1.0 1.0
1.0 -1.0 -1.0 -1.0 1.0
Fitness: 1080.4164381800001
Instances 70: 30-Jul-14
1.0 -1.0 0.0 -1.0 1.0
1.0 -1.0 0.0 -1.0 1.0
1.0 -1.0 0.0 -1.0 1.0
1.0 -1.0 0.0 -1.0 1.0
1.0 -1.0 0.0 -1.0 1.0
1.0 -1.0 0.0 -1.0 1.0
1.0 -1.0 0.0 -1.0 1.0
1.0 -1.0 0.0 -1.0 1.0
1.0 -1.0 0.0 -1.0 1.0
1.0 -1.0 0.0 -1.0 1.0
1.0 -1.0 0.0 -1.0 1.0
1.0 -1.0 0.0 -1.0 1.0
1.0 -1.0 0.0 -1.0 1.0
1.0 -1.0 0.0 -1.0 1.0
1.0 -1.0 0.0 -1.0 1.0
1.0 -1.0 0.0 -1.0 1.0
1.0 -1.0 0.0 -1.0 1.0
1.0 -1.0 0.0 -1.0 1.0
1.0 -1.0 0.0 -1.0 1.0
1.0 -1.0 -1.0 -1.0 1.0
1.0 -1.0 -1.0 -1.0 1.0
1.0 -1.0 -1.0 -1.0 1.0
1.0 -1.0 -1.0 -1.0 1.0
1.0 -1.0 -1.0 -1.0 1.0
Fitness: 1524.42857616
Instances 71: 31-Jul-14
1.0 -1.0 0.0 -1.0 1.0
1.0 -1.0 0.0 -1.0 1.0
1.0 -1.0 0.0 -1.0 1.0
1.0 -1.0 0.0 -1.0 1.0
1.0 -1.0 0.0 -1.0 1.0
1.0 -1.0 0.0 -1.0 1.0
1.0 -1.0 0.0 -1.0 1.0
1.0 -1.0 0.0 -1.0 1.0
1.0 -1.0 0.0 -1.0 1.0
1.0 -1.0 0.0 -1.0 1.0
1.0 -1.0 0.0 -1.0 1.0
1.0 -1.0 0.0 -1.0 1.0
1.0 -1.0 0.0 -1.0 1.0
1.0 -1.0 0.0 -1.0 1.0
1.0 -1.0 0.0 -1.0 1.0
1.0 -1.0 0.0 -1.0 1.0
1.0 -1.0 0.0 -1.0 1.0
1.0 -1.0 0.0 -1.0 1.0
1.0 -1.0 0.0 -1.0 1.0
1.0 -1.0 -1.0 -1.0 1.0
1.0 -1.0 -1.0 -1.0 1.0
1.0 -1.0 -1.0 -1.0 1.0
1.0 -1.0 -1.0 -1.0 1.0
1.0 -1.0 -1.0 -1.0 1.0
Fitness: 1760.30485708
Instances 72: 01-Aug-14
1.0 -1.0 0.0 -1.0 1.0
1.0 -1.0 0.0 -1.0 1.0
1.0 -1.0 0.0 -1.0 1.0
1.0 -1.0 0.0 -1.0 1.0
1.0 -1.0 0.0 -1.0 1.0
1.0 -1.0 0.0 -1.0 1.0
1.0 -1.0 0.0 -1.0 1.0
1.0 -1.0 0.0 -1.0 1.0
1.0 -1.0 0.0 -1.0 1.0
1.0 -1.0 0.0 -1.0 1.0
1.0 -1.0 0.0 -1.0 1.0
1.0 -1.0 0.0 -1.0 1.0
1.0 -1.0 0.0 -1.0 1.0
1.0 -1.0 0.0 -1.0 1.0
1.0 -1.0 0.0 -1.0 1.0
1.0 -1.0 0.0 -1.0 1.0
1.0 -1.0 0.0 -1.0 1.0
1.0 -1.0 0.0 -1.0 1.0
1.0 -1.0 0.0 -1.0 1.0
1.0 -1.0 -1.0 -1.0 1.0
1.0 -1.0 -1.0 -1.0 1.0
1.0 -1.0 -1.0 -1.0 1.0
1.0 -1.0 -1.0 -1.0 1.0
1.0 -1.0 -1.0 -1.0 1.0
Fitness: 1731.4770184799997
Instances 73: 02-Aug-14
1.0 -1.0 0.0 -1.0 1.0
1.0 -1.0 0.0 -1.0 1.0
1.0 -1.0 0.0 -1.0 1.0
1.0 -1.0 0.0 -1.0 1.0
1.0 -1.0 0.0 -1.0 1.0
1.0 -1.0 0.0 -1.0 1.0
1.0 -1.0 0.0 -1.0 1.0
1.0 -1.0 0.0 -1.0 1.0
1.0 -1.0 0.0 -1.0 1.0
1.0 -1.0 0.0 -1.0 1.0
1.0 -1.0 0.0 -1.0 1.0
1.0 -1.0 0.0 -1.0 1.0
1.0 -1.0 0.0 -1.0 1.0
1.0 -1.0 0.0 -1.0 1.0
1.0 -1.0 0.0 -1.0 1.0
1.0 -1.0 0.0 -1.0 1.0
1.0 -1.0 0.0 -1.0 1.0
1.0 -1.0 0.0 -1.0 1.0
1.0 -1.0 0.0 -1.0 1.0
1.0 -1.0 -1.0 -1.0 1.0
1.0 -1.0 -1.0 -1.0 1.0
1.0 -1.0 -1.0 -1.0 1.0
1.0 -1.0 -1.0 -1.0 1.0
1.0 -1.0 -1.0 -1.0 1.0
Fitness: 1713.63908784
Instances 74: 03-Aug-14
1.0 -1.0 0.0 -1.0 1.0
1.0 -1.0 0.0 -1.0 1.0
1.0 -1.0 0.0 -1.0 1.0
1.0 -1.0 0.0 -1.0 1.0
1.0 -1.0 0.0 -1.0 1.0
1.0 -1.0 0.0 -1.0 1.0
1.0 -1.0 0.0 -1.0 1.0
1.0 -1.0 0.0 -1.0 1.0
1.0 -1.0 0.0 -1.0 1.0
1.0 -1.0 0.0 -1.0 1.0
1.0 -1.0 0.0 -1.0 1.0
1.0 -1.0 0.0 -1.0 1.0
1.0 -1.0 0.0 -1.0 1.0
1.0 -1.0 0.0 -1.0 1.0
1.0 -1.0 0.0 -1.0 1.0
1.0 -1.0 0.0 -1.0 1.0
1.0 -1.0 0.0 -1.0 1.0
1.0 -1.0 0.0 -1.0 1.0
1.0 -1.0 0.0 -1.0 1.0
1.0 -1.0 -1.0 -1.0 1.0
1.0 -1.0 -1.0 -1.0 1.0
1.0 -1.0 -1.0 -1.0 1.0
1.0 -1.0 -1.0 -1.0 1.0
1.0 -1.0 -1.0 -1.0 1.0
Fitness: 1636.2652970399997
Instances 75: 24-Aug-14
1.0 -1.0 0.0 -1.0 1.0
1.0 -1.0 0.0 -1.0 1.0
1.0 -1.0 0.0 -1.0 1.0
1.0 -1.0 0.0 -1.0 1.0
1.0 -1.0 0.0 -1.0 1.0
1.0 -1.0 0.0 -1.0 1.0
1.0 -1.0 0.0 -1.0 1.0
1.0 -1.0 0.0 -1.0 1.0
1.0 -1.0 0.0 -1.0 1.0
1.0 -1.0 0.0 -1.0 1.0
1.0 -1.0 0.0 -1.0 1.0
1.0 -1.0 0.0 -1.0 1.0
1.0 -1.0 0.0 -1.0 1.0
1.0 -1.0 0.0 -1.0 1.0
1.0 -1.0 0.0 -1.0 1.0
1.0 -1.0 0.0 -1.0 1.0
1.0 -1.0 0.0 -1.0 1.0
1.0 -1.0 0.0 -1.0 1.0
1.0 -1.0 0.0 -1.0 1.0
1.0 -1.0 -1.0 -1.0 1.0
1.0 -1.0 -1.0 -1.0 1.0
1.0 -1.0 -1.0 -1.0 1.0
1.0 -1.0 -1.0 -1.0 1.0
1.0 -1.0 -1.0 -1.0 1.0
Fitness: 1697.6911272799998
Instances 76: 25-Aug-14
1.0 -1.0 0.0 -1.0 1.0
1.0 -1.0 0.0 -1.0 1.0
1.0 -1.0 0.0 -1.0 1.0
1.0 -1.0 0.0 -1.0 1.0
1.0 -1.0 0.0 -1.0 1.0
1.0 -1.0 0.0 -1.0 1.0
1.0 -1.0 0.0 -1.0 1.0
1.0 -1.0 0.0 -1.0 1.0
1.0 -1.0 0.0 -1.0 1.0
1.0 -1.0 0.0 -1.0 1.0
1.0 -1.0 0.0 -1.0 1.0
1.0 -1.0 0.0 -1.0 1.0
1.0 -1.0 0.0 -1.0 1.0
1.0 -1.0 0.0 -1.0 1.0
1.0 -1.0 0.0 -1.0 1.0
1.0 -1.0 0.0 -1.0 1.0
1.0 -1.0 0.0 -1.0 1.0
1.0 -1.0 0.0 -1.0 1.0
1.0 -1.0 0.0 -1.0 1.0
1.0 -1.0 -1.0 -1.0 1.0
1.0 -1.0 -1.0 -1.0 1.0
1.0 -1.0 -1.0 -1.0 1.0
1.0 -1.0 -1.0 -1.0 1.0
1.0 -1.0 -1.0 -1.0 1.0
Fitness: 1054.4756988600002
Instances 77: 26-Aug-14
1.0 -1.0 0.0 -1.0 1.0
1.0 -1.0 0.0 -1.0 1.0
1.0 -1.0 0.0 -1.0 1.0
1.0 -1.0 0.0 -1.0 1.0
1.0 -1.0 0.0 -1.0 1.0
1.0 -1.0 0.0 -1.0 1.0
1.0 -1.0 0.0 -1.0 1.0
1.0 -1.0 0.0 -1.0 1.0
1.0 -1.0 0.0 -1.0 1.0
1.0 -1.0 0.0 -1.0 1.0
1.0 -1.0 0.0 -1.0 1.0
1.0 -1.0 0.0 -1.0 1.0
1.0 -1.0 0.0 -1.0 1.0
1.0 -1.0 0.0 -1.0 1.0
1.0 -1.0 0.0 -1.0 1.0
1.0 -1.0 0.0 -1.0 1.0
1.0 -1.0 0.0 -1.0 1.0
1.0 -1.0 0.0 -1.0 1.0
1.0 -1.0 0.0 -1.0 1.0
1.0 -1.0 -1.0 -1.0 1.0
1.0 -1.0 -1.0 -1.0 1.0
1.0 -1.0 -1.0 -1.0 1.0
1.0 -1.0 -1.0 -1.0 1.0
1.0 -1.0 -1.0 -1.0 1.0
Fitness: 598.6018882600001
Instances 78: 27-Aug-14
1.0 -1.0 0.0 -1.0 1.0
1.0 -1.0 0.0 -1.0 1.0
1.0 -1.0 0.0 -1.0 1.0
1.0 -1.0 0.0 -1.0 1.0
1.0 -1.0 0.0 -1.0 1.0
1.0 -1.0 0.0 -1.0 1.0
1.0 -1.0 0.0 -1.0 1.0
1.0 -1.0 0.0 -1.0 1.0
1.0 -1.0 0.0 -1.0 1.0
1.0 -1.0 0.0 -1.0 1.0
1.0 -1.0 0.0 -1.0 1.0
1.0 -1.0 0.0 -1.0 1.0
1.0 -1.0 0.0 -1.0 1.0
1.0 -1.0 0.0 -1.0 1.0
1.0 -1.0 0.0 -1.0 1.0
1.0 -1.0 0.0 -1.0 1.0
1.0 -1.0 0.0 -1.0 1.0
1.0 -1.0 0.0 -1.0 1.0
1.0 -1.0 0.0 -1.0 1.0
1.0 -1.0 -1.0 -1.0 1.0
1.0 -1.0 -1.0 -1.0 1.0
1.0 -1.0 -1.0 -1.0 1.0
1.0 -1.0 -1.0 -1.0 1.0
1.0 -1.0 -1.0 -1.0 1.0
Fitness: 1475.6051561200006
Instances 79: 28-Aug-14
1.0 -1.0 0.0 -1.0 1.0
1.0 -1.0 0.0 -1.0 1.0
1.0 -1.0 0.0 -1.0 1.0
1.0 -1.0 0.0 -1.0 1.0
1.0 -1.0 0.0 -1.0 1.0
1.0 -1.0 0.0 -1.0 1.0
1.0 -1.0 0.0 -1.0 1.0
1.0 -1.0 0.0 -1.0 1.0
1.0 -1.0 0.0 -1.0 1.0
1.0 -1.0 0.0 -1.0 1.0
1.0 -1.0 0.0 -1.0 1.0
1.0 -1.0 0.0 -1.0 1.0
1.0 -1.0 0.0 -1.0 1.0
1.0 -1.0 0.0 -1.0 1.0
1.0 -1.0 0.0 -1.0 1.0
1.0 -1.0 0.0 -1.0 1.0
1.0 -1.0 0.0 -1.0 1.0
1.0 -1.0 0.0 -1.0 1.0
1.0 -1.0 0.0 -1.0 1.0
1.0 -1.0 -1.0 -1.0 1.0
1.0 -1.0 -1.0 -1.0 1.0
1.0 -1.0 -1.0 -1.0 1.0
1.0 -1.0 -1.0 -1.0 1.0
1.0 -1.0 -1.0 -1.0 1.0
Fitness: 1763.4058008
Instances 80: 29-Aug-14
1.0 -1.0 0.0 -1.0 1.0
1.0 -1.0 0.0 -1.0 1.0
1.0 -1.0 0.0 -1.0 1.0
1.0 -1.0 0.0 -1.0 1.0
1.0 -1.0 0.0 -1.0 1.0
1.0 -1.0 0.0 -1.0 1.0
1.0 -1.0 0.0 -1.0 1.0
1.0 -1.0 0.0 -1.0 1.0
1.0 -1.0 0.0 -1.0 1.0
1.0 -1.0 0.0 -1.0 1.0
1.0 -1.0 0.0 -1.0 1.0
1.0 -1.0 0.0 -1.0 1.0
1.0 -1.0 0.0 -1.0 1.0
1.0 -1.0 0.0 -1.0 1.0
1.0 -1.0 0.0 -1.0 1.0
1.0 -1.0 0.0 -1.0 1.0
1.0 -1.0 0.0 -1.0 1.0
1.0 -1.0 0.0 -1.0 1.0
1.0 -1.0 0.0 -1.0 1.0
1.0 -1.0 -1.0 -1.0 1.0
1.0 -1.0 -1.0 -1.0 1.0
1.0 -1.0 -1.0 -1.0 1.0
1.0 -1.0 -1.0 -1.0 1.0
1.0 -1.0 -1.0 -1.0 1.0
Fitness: 1503.2471844399995
Instances 81: 30-Aug-14
1.0 -1.0 0.0 -1.0 1.0
1.0 -1.0 0.0 -1.0 1.0
1.0 -1.0 0.0 -1.0 1.0
1.0 -1.0 0.0 -1.0 1.0
1.0 -1.0 0.0 -1.0 1.0
1.0 -1.0 0.0 -1.0 1.0
1.0 -1.0 0.0 -1.0 1.0
1.0 -1.0 0.0 -1.0 1.0
1.0 -1.0 0.0 -1.0 1.0
1.0 -1.0 0.0 -1.0 1.0
1.0 -1.0 0.0 -1.0 1.0
1.0 -1.0 0.0 -1.0 1.0
1.0 -1.0 0.0 -1.0 1.0
1.0 -1.0 0.0 -1.0 1.0
1.0 -1.0 0.0 -1.0 1.0
1.0 -1.0 0.0 -1.0 1.0
1.0 -1.0 0.0 -1.0 1.0
1.0 -1.0 0.0 -1.0 1.0
1.0 -1.0 0.0 -1.0 1.0
1.0 -1.0 -1.0 -1.0 1.0
1.0 -1.0 -1.0 -1.0 1.0
1.0 -1.0 -1.0 -1.0 1.0
1.0 -1.0 -1.0 -1.0 1.0
1.0 -1.0 -1.0 -1.0 1.0
Fitness: 1354.3569598
Instances 82: 31-Aug-14
1.0 -1.0 0.0 -1.0 1.0
1.0 -1.0 0.0 -1.0 1.0
1.0 -1.0 0.0 -1.0 1.0
1.0 -1.0 0.0 -1.0 1.0
1.0 -1.0 0.0 -1.0 1.0
1.0 -1.0 0.0 -1.0 1.0
1.0 -1.0 0.0 -1.0 1.0
1.0 -1.0 0.0 -1.0 1.0
1.0 -1.0 0.0 -1.0 1.0
1.0 -1.0 0.0 -1.0 1.0
1.0 -1.0 0.0 -1.0 1.0
1.0 -1.0 0.0 -1.0 1.0
1.0 -1.0 0.0 -1.0 1.0
1.0 -1.0 0.0 -1.0 1.0
1.0 -1.0 0.0 -1.0 1.0
1.0 -1.0 0.0 -1.0 1.0
1.0 -1.0 0.0 -1.0 1.0
1.0 -1.0 0.0 -1.0 1.0
1.0 -1.0 0.0 -1.0 1.0
1.0 -1.0 -1.0 -1.0 1.0
1.0 -1.0 -1.0 -1.0 1.0
1.0 -1.0 -1.0 -1.0 1.0
1.0 -1.0 -1.0 -1.0 1.0
1.0 -1.0 -1.0 -1.0 1.0
Fitness: 1202.19002032
Instances 83: 21-Sep-14
1.0 -1.0 0.0 -1.0 1.0
1.0 -1.0 0.0 -1.0 1.0
1.0 -1.0 0.0 -1.0 1.0
1.0 -1.0 0.0 -1.0 1.0
1.0 -1.0 0.0 -1.0 1.0
1.0 -1.0 0.0 -1.0 1.0
1.0 -1.0 0.0 -1.0 1.0
1.0 -1.0 0.0 -1.0 1.0
1.0 -1.0 0.0 -1.0 1.0
1.0 -1.0 0.0 -1.0 1.0
1.0 -1.0 0.0 -1.0 1.0
1.0 -1.0 0.0 -1.0 1.0
1.0 -1.0 0.0 -1.0 1.0
1.0 -1.0 0.0 -1.0 1.0
1.0 -1.0 0.0 -1.0 1.0
1.0 -1.0 0.0 -1.0 1.0
1.0 -1.0 0.0 -1.0 1.0
1.0 -1.0 0.0 -1.0 1.0
1.0 -1.0 0.0 -1.0 1.0
1.0 -1.0 -1.0 -1.0 1.0
1.0 -1.0 -1.0 -1.0 1.0
1.0 -1.0 -1.0 -1.0 1.0
1.0 -1.0 -1.0 -1.0 1.0
1.0 -1.0 -1.0 -1.0 1.0
Fitness: 691.8956676200002
Instances 84: 22-Sep-14
1.0 -1.0 0.0 -1.0 1.0
1.0 -1.0 0.0 -1.0 1.0
1.0 -1.0 0.0 -1.0 1.0
1.0 -1.0 0.0 -1.0 1.0
1.0 -1.0 0.0 -1.0 1.0
1.0 -1.0 0.0 -1.0 1.0
1.0 -1.0 0.0 -1.0 1.0
1.0 -1.0 0.0 -1.0 1.0
1.0 -1.0 0.0 -1.0 1.0
1.0 -1.0 0.0 -1.0 1.0
1.0 -1.0 0.0 -1.0 1.0
1.0 -1.0 0.0 -1.0 1.0
1.0 -1.0 0.0 -1.0 1.0
1.0 -1.0 0.0 -1.0 1.0
1.0 -1.0 0.0 -1.0 1.0
1.0 -1.0 0.0 -1.0 1.0
1.0 -1.0 0.0 -1.0 1.0
1.0 -1.0 0.0 -1.0 1.0
1.0 -1.0 0.0 -1.0 1.0
1.0 -1.0 -1.0 -1.0 1.0
1.0 -1.0 -1.0 -1.0 1.0
1.0 -1.0 -1.0 -1.0 1.0
1.0 -1.0 -1.0 -1.0 1.0
1.0 -1.0 -1.0 -1.0 1.0
Fitness: 727.2603433600002
Instances 85: 23-Sep-14
1.0 -1.0 0.0 -1.0 1.0
1.0 -1.0 0.0 -1.0 1.0
1.0 -1.0 0.0 -1.0 1.0
1.0 -1.0 0.0 -1.0 1.0
1.0 -1.0 0.0 -1.0 1.0
1.0 -1.0 0.0 -1.0 1.0
1.0 -1.0 0.0 -1.0 1.0
1.0 -1.0 0.0 -1.0 1.0
1.0 -1.0 0.0 -1.0 1.0
1.0 -1.0 0.0 -1.0 1.0
1.0 -1.0 0.0 -1.0 1.0
1.0 -1.0 0.0 -1.0 1.0
1.0 -1.0 0.0 -1.0 1.0
1.0 -1.0 0.0 -1.0 1.0
1.0 -1.0 0.0 -1.0 1.0
1.0 -1.0 0.0 -1.0 1.0
1.0 -1.0 0.0 -1.0 1.0
1.0 -1.0 0.0 -1.0 1.0
1.0 -1.0 0.0 -1.0 1.0
1.0 -1.0 -1.0 -1.0 1.0
1.0 -1.0 -1.0 -1.0 1.0
1.0 -1.0 -1.0 -1.0 1.0
1.0 -1.0 -1.0 -1.0 1.0
1.0 -1.0 -1.0 -1.0 1.0
Fitness: 1004.98600246
Instances 86: 24-Sep-14
1.0 -1.0 0.0 -1.0 1.0
1.0 -1.0 0.0 -1.0 1.0
1.0 -1.0 0.0 -1.0 1.0
1.0 -1.0 0.0 -1.0 1.0
1.0 -1.0 0.0 -1.0 1.0
1.0 -1.0 0.0 -1.0 1.0
1.0 -1.0 0.0 -1.0 1.0
1.0 -1.0 0.0 -1.0 1.0
1.0 -1.0 0.0 -1.0 1.0
1.0 -1.0 0.0 -1.0 1.0
1.0 -1.0 0.0 -1.0 1.0
1.0 -1.0 0.0 -1.0 1.0
1.0 -1.0 0.0 -1.0 1.0
1.0 -1.0 0.0 -1.0 1.0
1.0 -1.0 0.0 -1.0 1.0
1.0 -1.0 0.0 -1.0 1.0
1.0 -1.0 0.0 -1.0 1.0
1.0 -1.0 0.0 -1.0 1.0
1.0 -1.0 0.0 -1.0 1.0
1.0 -1.0 -1.0 -1.0 1.0
1.0 -1.0 -1.0 -1.0 1.0
1.0 -1.0 -1.0 -1.0 1.0
1.0 -1.0 -1.0 -1.0 1.0
1.0 -1.0 -1.0 -1.0 1.0
Fitness: 1349.2748109000001
Instances 87: 25-Sep-14
1.0 -1.0 0.0 -1.0 1.0
1.0 -1.0 0.0 -1.0 1.0
1.0 -1.0 0.0 -1.0 1.0
1.0 -1.0 0.0 -1.0 1.0
1.0 -1.0 0.0 -1.0 1.0
1.0 -1.0 0.0 -1.0 1.0
1.0 -1.0 0.0 -1.0 1.0
1.0 -1.0 0.0 -1.0 1.0
1.0 -1.0 0.0 -1.0 1.0
1.0 -1.0 0.0 -1.0 1.0
1.0 -1.0 0.0 -1.0 1.0
1.0 -1.0 0.0 -1.0 1.0
1.0 -1.0 0.0 -1.0 1.0
1.0 -1.0 0.0 -1.0 1.0
1.0 -1.0 0.0 -1.0 1.0
1.0 -1.0 0.0 -1.0 1.0
1.0 -1.0 0.0 -1.0 1.0
1.0 -1.0 0.0 -1.0 1.0
1.0 -1.0 0.0 -1.0 1.0
1.0 -1.0 -1.0 -1.0 1.0
1.0 -1.0 -1.0 -1.0 1.0
1.0 -1.0 -1.0 -1.0 1.0
1.0 -1.0 -1.0 -1.0 1.0
1.0 -1.0 -1.0 -1.0 1.0
Fitness: 1300.6428516400001
Instances 88: 26-Sep-14
1.0 -1.0 0.0 -1.0 1.0
1.0 -1.0 0.0 -1.0 1.0
1.0 -1.0 0.0 -1.0 1.0
1.0 -1.0 0.0 -1.0 1.0
1.0 -1.0 0.0 -1.0 1.0
1.0 -1.0 0.0 -1.0 1.0
1.0 -1.0 0.0 -1.0 1.0
1.0 -1.0 0.0 -1.0 1.0
1.0 -1.0 0.0 -1.0 1.0
1.0 -1.0 0.0 -1.0 1.0
1.0 -1.0 0.0 -1.0 1.0
1.0 -1.0 0.0 -1.0 1.0
1.0 -1.0 0.0 -1.0 1.0
1.0 -1.0 0.0 -1.0 1.0
1.0 -1.0 0.0 -1.0 1.0
1.0 -1.0 0.0 -1.0 1.0
1.0 -1.0 0.0 -1.0 1.0
1.0 -1.0 0.0 -1.0 1.0
1.0 -1.0 0.0 -1.0 1.0
1.0 -1.0 -1.0 -1.0 1.0
1.0 -1.0 -1.0 -1.0 1.0
1.0 -1.0 -1.0 -1.0 1.0
1.0 -1.0 -1.0 -1.0 1.0
1.0 -1.0 -1.0 -1.0 1.0
Fitness: 1126.2191616999999
Instances 89: 27-Sep-14
1.0 -1.0 0.0 -1.0 1.0
1.0 -1.0 0.0 -1.0 1.0
1.0 -1.0 0.0 -1.0 1.0
1.0 -1.0 0.0 -1.0 1.0
1.0 -1.0 0.0 -1.0 1.0
1.0 -1.0 0.0 -1.0 1.0
1.0 -1.0 0.0 -1.0 1.0
1.0 -1.0 0.0 -1.0 1.0
1.0 -1.0 0.0 -1.0 1.0
1.0 -1.0 0.0 -1.0 1.0
1.0 -1.0 0.0 -1.0 1.0
1.0 -1.0 0.0 -1.0 1.0
1.0 -1.0 0.0 -1.0 1.0
1.0 -1.0 0.0 -1.0 1.0
1.0 -1.0 0.0 -1.0 1.0
1.0 -1.0 0.0 -1.0 1.0
1.0 -1.0 0.0 -1.0 1.0
1.0 -1.0 0.0 -1.0 1.0
1.0 -1.0 0.0 -1.0 1.0
1.0 -1.0 -1.0 -1.0 1.0
1.0 -1.0 -1.0 -1.0 1.0
1.0 -1.0 -1.0 -1.0 1.0
1.0 -1.0 -1.0 -1.0 1.0
1.0 -1.0 -1.0 -1.0 1.0
Fitness: 1280.0842200199995
Instances 90: 28-Sep-14
1.0 -1.0 0.0 -1.0 1.0
1.0 -1.0 0.0 -1.0 1.0
1.0 -1.0 0.0 -1.0 1.0
1.0 -1.0 0.0 -1.0 1.0
1.0 -1.0 0.0 -1.0 1.0
1.0 -1.0 0.0 -1.0 1.0
1.0 -1.0 0.0 -1.0 1.0
1.0 -1.0 0.0 -1.0 1.0
1.0 -1.0 0.0 -1.0 1.0
1.0 -1.0 0.0 -1.0 1.0
1.0 -1.0 0.0 -1.0 1.0
1.0 -1.0 0.0 -1.0 1.0
1.0 -1.0 0.0 -1.0 1.0
1.0 -1.0 0.0 -1.0 1.0
1.0 -1.0 0.0 -1.0 1.0
1.0 -1.0 0.0 -1.0 1.0
1.0 -1.0 0.0 -1.0 1.0
1.0 -1.0 0.0 -1.0 1.0
1.0 -1.0 0.0 -1.0 1.0
1.0 -1.0 -1.0 -1.0 1.0
1.0 -1.0 -1.0 -1.0 1.0
1.0 -1.0 -1.0 -1.0 1.0
1.0 -1.0 -1.0 -1.0 1.0
1.0 -1.0 -1.0 -1.0 1.0
Fitness: 1479.35921288
Instances 91: 29-Sep-14
1.0 -1.0 0.0 -1.0 1.0
1.0 -1.0 0.0 -1.0 1.0
1.0 -1.0 0.0 -1.0 1.0
1.0 -1.0 0.0 -1.0 1.0
1.0 -1.0 0.0 -1.0 1.0
1.0 -1.0 0.0 -1.0 1.0
1.0 -1.0 0.0 -1.0 1.0
1.0 -1.0 0.0 -1.0 1.0
1.0 -1.0 0.0 -1.0 1.0
1.0 -1.0 0.0 -1.0 1.0
1.0 -1.0 0.0 -1.0 1.0
1.0 -1.0 0.0 -1.0 1.0
1.0 -1.0 0.0 -1.0 1.0
1.0 -1.0 0.0 -1.0 1.0
1.0 -1.0 0.0 -1.0 1.0
1.0 -1.0 0.0 -1.0 1.0
1.0 -1.0 0.0 -1.0 1.0
1.0 -1.0 0.0 -1.0 1.0
1.0 -1.0 0.0 -1.0 1.0
1.0 -1.0 -1.0 -1.0 1.0
1.0 -1.0 -1.0 -1.0 1.0
1.0 -1.0 -1.0 -1.0 1.0
1.0 -1.0 -1.0 -1.0 1.0
1.0 -1.0 -1.0 -1.0 1.0
Fitness: 985.93580554
Instances 92: 30-Sep-14
1.0 -1.0 0.0 -1.0 1.0
1.0 -1.0 0.0 -1.0 1.0
1.0 -1.0 0.0 -1.0 1.0
1.0 -1.0 0.0 -1.0 1.0
1.0 -1.0 0.0 -1.0 1.0
1.0 -1.0 0.0 -1.0 1.0
1.0 -1.0 0.0 -1.0 1.0
1.0 -1.0 0.0 -1.0 1.0
1.0 -1.0 0.0 -1.0 1.0
1.0 -1.0 0.0 -1.0 1.0
1.0 -1.0 0.0 -1.0 1.0
1.0 -1.0 0.0 -1.0 1.0
1.0 -1.0 0.0 -1.0 1.0
1.0 -1.0 0.0 -1.0 1.0
1.0 -1.0 0.0 -1.0 1.0
1.0 -1.0 0.0 -1.0 1.0
1.0 -1.0 0.0 -1.0 1.0
1.0 -1.0 0.0 -1.0 1.0
1.0 -1.0 0.0 -1.0 1.0
1.0 -1.0 -1.0 -1.0 1.0
1.0 -1.0 -1.0 -1.0 1.0
1.0 -1.0 -1.0 -1.0 1.0
1.0 -1.0 -1.0 -1.0 1.0
1.0 -1.0 -1.0 -1.0 1.0
Fitness: 642.9463899799998
Instances 93: 01-Oct-14
1.0 -1.0 0.0 -1.0 1.0
1.0 -1.0 0.0 -1.0 1.0
1.0 -1.0 0.0 -1.0 1.0
1.0 -1.0 0.0 -1.0 1.0
1.0 -1.0 0.0 -1.0 1.0
1.0 -1.0 0.0 -1.0 1.0
1.0 -1.0 0.0 -1.0 1.0
1.0 -1.0 0.0 -1.0 1.0
1.0 -1.0 0.0 -1.0 1.0
1.0 -1.0 0.0 -1.0 1.0
1.0 -1.0 0.0 -1.0 1.0
1.0 -1.0 0.0 -1.0 1.0
1.0 -1.0 0.0 -1.0 1.0
1.0 -1.0 0.0 -1.0 1.0
1.0 -1.0 0.0 -1.0 1.0
1.0 -1.0 0.0 -1.0 1.0
1.0 -1.0 0.0 -1.0 1.0
1.0 -1.0 0.0 -1.0 1.0
1.0 -1.0 0.0 -1.0 1.0
1.0 -1.0 -1.0 -1.0 1.0
1.0 -1.0 -1.0 -1.0 1.0
1.0 -1.0 -1.0 -1.0 1.0
1.0 -1.0 -1.0 -1.0 1.0
1.0 -1.0 -1.0 -1.0 1.0
Fitness: 1030.44715776
Instances 94: 22-Oct-14
1.0 -1.0 0.0 -1.0 1.0
1.0 -1.0 0.0 -1.0 1.0
1.0 -1.0 0.0 -1.0 1.0
1.0 -1.0 0.0 -1.0 1.0
1.0 -1.0 0.0 -1.0 1.0
1.0 -1.0 0.0 -1.0 1.0
1.0 -1.0 0.0 -1.0 1.0
1.0 -1.0 0.0 -1.0 1.0
1.0 -1.0 0.0 -1.0 1.0
1.0 -1.0 0.0 -1.0 1.0
1.0 -1.0 0.0 -1.0 1.0
1.0 -1.0 0.0 -1.0 1.0
1.0 -1.0 0.0 -1.0 1.0
1.0 -1.0 0.0 -1.0 1.0
1.0 -1.0 0.0 -1.0 1.0
1.0 -1.0 0.0 -1.0 1.0
1.0 -1.0 0.0 -1.0 1.0
1.0 -1.0 0.0 -1.0 1.0
1.0 -1.0 0.0 -1.0 1.0
1.0 -1.0 -1.0 -1.0 1.0
1.0 -1.0 -1.0 -1.0 1.0
1.0 -1.0 -1.0 -1.0 1.0
1.0 -1.0 -1.0 -1.0 1.0
1.0 -1.0 -1.0 -1.0 1.0
Fitness: -1467.9281535541252
Instances 95: 23-Oct-14
1.0 -1.0 0.0 -1.0 1.0
1.0 -1.0 0.0 -1.0 1.0
1.0 -1.0 0.0 -1.0 1.0
1.0 -1.0 0.0 -1.0 1.0
1.0 -1.0 0.0 -1.0 1.0
1.0 -1.0 0.0 -1.0 1.0
1.0 -1.0 0.0 -1.0 1.0
1.0 -1.0 0.0 -1.0 1.0
1.0 -1.0 0.0 -1.0 1.0
1.0 -1.0 0.0 -1.0 1.0
1.0 -1.0 0.0 -1.0 1.0
1.0 -1.0 0.0 -1.0 1.0
1.0 -1.0 0.0 -1.0 1.0
1.0 -1.0 0.0 -1.0 1.0
1.0 -1.0 0.0 -1.0 1.0
1.0 -1.0 0.0 -1.0 1.0
1.0 -1.0 0.0 -1.0 1.0
1.0 -1.0 0.0 -1.0 1.0
1.0 -1.0 0.0 -1.0 1.0
1.0 -1.0 -1.0 -1.0 1.0
1.0 -1.0 -1.0 -1.0 1.0
1.0 -1.0 -1.0 -1.0 1.0
1.0 -1.0 -1.0 -1.0 1.0
1.0 -1.0 -1.0 -1.0 1.0
Fitness: -2095.9235660658205
Instances 96: 24-Oct-14
1.0 -1.0 0.0 -1.0 1.0
1.0 -1.0 0.0 -1.0 1.0
1.0 -1.0 0.0 -1.0 1.0
1.0 -1.0 0.0 -1.0 1.0
1.0 -1.0 0.0 -1.0 1.0
1.0 -1.0 0.0 -1.0 1.0
1.0 -1.0 0.0 -1.0 1.0
1.0 -1.0 0.0 -1.0 1.0
1.0 -1.0 0.0 -1.0 1.0
1.0 -1.0 0.0 -1.0 1.0
1.0 -1.0 0.0 -1.0 1.0
1.0 -1.0 0.0 -1.0 1.0
1.0 -1.0 0.0 -1.0 1.0
1.0 -1.0 0.0 -1.0 1.0
1.0 -1.0 0.0 -1.0 1.0
1.0 -1.0 0.0 -1.0 1.0
1.0 -1.0 0.0 -1.0 1.0
1.0 -1.0 0.0 -1.0 1.0
1.0 -1.0 0.0 -1.0 1.0
1.0 -1.0 -1.0 -1.0 1.0
1.0 -1.0 -1.0 -1.0 1.0
1.0 -1.0 -1.0 -1.0 1.0
1.0 -1.0 -1.0 -1.0 1.0
1.0 -1.0 -1.0 -1.0 1.0
Fitness: -6737.093326918549
Instances 97: 25-Oct-14
1.0 -1.0 0.0 -1.0 1.0
1.0 -1.0 0.0 -1.0 1.0
1.0 -1.0 0.0 -1.0 1.0
1.0 -1.0 0.0 -1.0 1.0
1.0 -1.0 0.0 -1.0 1.0
1.0 -1.0 0.0 -1.0 1.0
1.0 -1.0 0.0 -1.0 1.0
1.0 -1.0 0.0 -1.0 1.0
1.0 -1.0 0.0 -1.0 1.0
1.0 -1.0 0.0 -1.0 1.0
1.0 -1.0 0.0 -1.0 1.0
1.0 -1.0 0.0 -1.0 1.0
1.0 -1.0 0.0 -1.0 1.0
1.0 -1.0 0.0 -1.0 1.0
1.0 -1.0 0.0 -1.0 1.0
1.0 -1.0 0.0 -1.0 1.0
1.0 -1.0 0.0 -1.0 1.0
1.0 -1.0 0.0 -1.0 1.0
1.0 -1.0 0.0 -1.0 1.0
1.0 -1.0 -1.0 -1.0 1.0
1.0 -1.0 -1.0 -1.0 1.0
1.0 -1.0 -1.0 -1.0 1.0
1.0 -1.0 -1.0 -1.0 1.0
1.0 -1.0 -1.0 -1.0 1.0
Fitness: -9658.80091260933
Instances 98: 26-Oct-14
1.0 -1.0 0.0 -1.0 1.0
1.0 -1.0 0.0 -1.0 1.0
1.0 -1.0 0.0 -1.0 1.0
1.0 -1.0 0.0 -1.0 1.0
1.0 -1.0 0.0 -1.0 1.0
1.0 -1.0 0.0 -1.0 1.0
1.0 -1.0 0.0 -1.0 1.0
1.0 -1.0 0.0 -1.0 1.0
1.0 -1.0 0.0 -1.0 1.0
1.0 -1.0 0.0 -1.0 1.0
1.0 -1.0 0.0 -1.0 1.0
1.0 -1.0 0.0 -1.0 1.0
1.0 -1.0 0.0 -1.0 1.0
1.0 -1.0 0.0 -1.0 1.0
1.0 -1.0 0.0 -1.0 1.0
1.0 -1.0 0.0 -1.0 1.0
1.0 -1.0 0.0 -1.0 1.0
1.0 -1.0 0.0 -1.0 1.0
1.0 -1.0 0.0 -1.0 1.0
1.0 -1.0 -1.0 -1.0 1.0
1.0 -1.0 -1.0 -1.0 1.0
1.0 -1.0 -1.0 -1.0 1.0
1.0 -1.0 -1.0 -1.0 1.0
1.0 -1.0 -1.0 -1.0 1.0
Fitness: -4769.010254606051
Instances 99: 27-Oct-14
1.0 -1.0 0.0 -1.0 1.0
1.0 -1.0 0.0 -1.0 1.0
1.0 -1.0 0.0 -1.0 1.0
1.0 -1.0 0.0 -1.0 1.0
1.0 -1.0 0.0 -1.0 1.0
1.0 -1.0 0.0 -1.0 1.0
1.0 -1.0 0.0 -1.0 1.0
1.0 -1.0 0.0 -1.0 1.0
1.0 -1.0 0.0 -1.0 1.0
1.0 -1.0 0.0 -1.0 1.0
1.0 -1.0 0.0 -1.0 1.0
1.0 -1.0 0.0 -1.0 1.0
1.0 -1.0 0.0 -1.0 1.0
1.0 -1.0 0.0 -1.0 1.0
1.0 -1.0 0.0 -1.0 1.0
1.0 -1.0 0.0 -1.0 1.0
1.0 -1.0 0.0 -1.0 1.0
1.0 -1.0 0.0 -1.0 1.0
1.0 -1.0 0.0 -1.0 1.0
1.0 -1.0 -1.0 -1.0 1.0
1.0 -1.0 -1.0 -1.0 1.0
1.0 -1.0 -1.0 -1.0 1.0
1.0 -1.0 -1.0 -1.0 1.0
1.0 -1.0 -1.0 -1.0 1.0
Fitness: -3546.6325729500177
Instances 100: 28-Oct-14
1.0 -1.0 0.0 -1.0 1.0
1.0 -1.0 0.0 -1.0 1.0
1.0 -1.0 0.0 -1.0 1.0
1.0 -1.0 0.0 -1.0 1.0
1.0 -1.0 0.0 -1.0 1.0
1.0 -1.0 0.0 -1.0 1.0
1.0 -1.0 0.0 -1.0 1.0
1.0 -1.0 0.0 -1.0 1.0
1.0 -1.0 0.0 -1.0 1.0
1.0 -1.0 0.0 -1.0 1.0
1.0 -1.0 0.0 -1.0 1.0
1.0 -1.0 0.0 -1.0 1.0
1.0 -1.0 0.0 -1.0 1.0
1.0 -1.0 0.0 -1.0 1.0
1.0 -1.0 0.0 -1.0 1.0
1.0 -1.0 0.0 -1.0 1.0
1.0 -1.0 0.0 -1.0 1.0
1.0 -1.0 0.0 -1.0 1.0
1.0 -1.0 0.0 -1.0 1.0
1.0 -1.0 -1.0 -1.0 1.0
1.0 -1.0 -1.0 -1.0 1.0
1.0 -1.0 -1.0 -1.0 1.0
1.0 -1.0 -1.0 -1.0 1.0
1.0 -1.0 -1.0 -1.0 1.0
Fitness: -1921.3690663831433
Instances 101: 29-Oct-14
1.0 -1.0 0.0 -1.0 1.0
1.0 -1.0 0.0 -1.0 1.0
1.0 -1.0 0.0 -1.0 1.0
1.0 -1.0 0.0 -1.0 1.0
1.0 -1.0 0.0 -1.0 1.0
1.0 -1.0 0.0 -1.0 1.0
1.0 -1.0 0.0 -1.0 1.0
1.0 -1.0 0.0 -1.0 1.0
1.0 -1.0 0.0 -1.0 1.0
1.0 -1.0 0.0 -1.0 1.0
1.0 -1.0 0.0 -1.0 1.0
1.0 -1.0 0.0 -1.0 1.0
1.0 -1.0 0.0 -1.0 1.0
1.0 -1.0 0.0 -1.0 1.0
1.0 -1.0 0.0 -1.0 1.0
1.0 -1.0 0.0 -1.0 1.0
1.0 -1.0 0.0 -1.0 1.0
1.0 -1.0 0.0 -1.0 1.0
1.0 -1.0 0.0 -1.0 1.0
1.0 -1.0 -1.0 -1.0 1.0
1.0 -1.0 -1.0 -1.0 1.0
1.0 -1.0 -1.0 -1.0 1.0
1.0 -1.0 -1.0 -1.0 1.0
1.0 -1.0 -1.0 -1.0 1.0
Fitness: -2114.460467998105
Instances 102: 30-Oct-14
1.0 -1.0 0.0 -1.0 1.0
1.0 -1.0 0.0 -1.0 1.0
1.0 -1.0 0.0 -1.0 1.0
1.0 -1.0 0.0 -1.0 1.0
1.0 -1.0 0.0 -1.0 1.0
1.0 -1.0 0.0 -1.0 1.0
1.0 -1.0 0.0 -1.0 1.0
1.0 -1.0 0.0 -1.0 1.0
1.0 -1.0 0.0 -1.0 1.0
1.0 -1.0 0.0 -1.0 1.0
1.0 -1.0 0.0 -1.0 1.0
1.0 -1.0 0.0 -1.0 1.0
1.0 -1.0 0.0 -1.0 1.0
1.0 -1.0 0.0 -1.0 1.0
1.0 -1.0 0.0 -1.0 1.0
1.0 -1.0 0.0 -1.0 1.0
1.0 -1.0 0.0 -1.0 1.0
1.0 -1.0 0.0 -1.0 1.0
1.0 -1.0 0.0 -1.0 1.0
1.0 -1.0 -1.0 -1.0 1.0
1.0 -1.0 -1.0 -1.0 1.0
1.0 -1.0 -1.0 -1.0 1.0
1.0 -1.0 -1.0 -1.0 1.0
1.0 -1.0 -1.0 -1.0 1.0
Fitness: -2081.935610788139
Instances 103: 31-Oct-14
1.0 -1.0 0.0 -1.0 1.0
1.0 -1.0 0.0 -1.0 1.0
1.0 -1.0 0.0 -1.0 1.0
1.0 -1.0 0.0 -1.0 1.0
1.0 -1.0 0.0 -1.0 1.0
1.0 -1.0 0.0 -1.0 1.0
1.0 -1.0 0.0 -1.0 1.0
1.0 -1.0 0.0 -1.0 1.0
1.0 -1.0 0.0 -1.0 1.0
1.0 -1.0 0.0 -1.0 1.0
1.0 -1.0 0.0 -1.0 1.0
1.0 -1.0 0.0 -1.0 1.0
1.0 -1.0 0.0 -1.0 1.0
1.0 -1.0 0.0 -1.0 1.0
1.0 -1.0 0.0 -1.0 1.0
1.0 -1.0 0.0 -1.0 1.0
1.0 -1.0 0.0 -1.0 1.0
1.0 -1.0 0.0 -1.0 1.0
1.0 -1.0 0.0 -1.0 1.0
1.0 -1.0 -1.0 -1.0 1.0
1.0 -1.0 -1.0 -1.0 1.0
1.0 -1.0 -1.0 -1.0 1.0
1.0 -1.0 -1.0 -1.0 1.0
1.0 -1.0 -1.0 -1.0 1.0
Fitness: -1200.6614032469715
Instances 104: 21-Nov-14
1.0 -1.0 0.0 -1.0 1.0
1.0 -1.0 0.0 -1.0 1.0
1.0 -1.0 0.0 -1.0 1.0
1.0 -1.0 0.0 -1.0 1.0
1.0 -1.0 0.0 -1.0 1.0
1.0 -1.0 0.0 -1.0 1.0
1.0 -1.0 0.0 -1.0 1.0
1.0 -1.0 0.0 -1.0 1.0
1.0 -1.0 0.0 -1.0 1.0
1.0 -1.0 0.0 -1.0 1.0
1.0 -1.0 0.0 -1.0 1.0
1.0 -1.0 0.0 -1.0 1.0
1.0 -1.0 0.0 -1.0 1.0
1.0 -1.0 0.0 -1.0 1.0
1.0 -1.0 0.0 -1.0 1.0
1.0 -1.0 0.0 -1.0 1.0
1.0 -1.0 0.0 -1.0 1.0
1.0 -1.0 0.0 -1.0 1.0
1.0 -1.0 0.0 -1.0 1.0
1.0 -1.0 -1.0 -1.0 1.0
1.0 -1.0 -1.0 -1.0 1.0
1.0 -1.0 -1.0 -1.0 1.0
1.0 -1.0 -1.0 -1.0 1.0
1.0 -1.0 -1.0 -1.0 1.0
Fitness: -5268.925070265837
Instances 105: 22-Nov-14
1.0 -1.0 0.0 -1.0 1.0
1.0 -1.0 0.0 -1.0 1.0
1.0 -1.0 0.0 -1.0 1.0
1.0 -1.0 0.0 -1.0 1.0
1.0 -1.0 0.0 -1.0 1.0
1.0 -1.0 0.0 -1.0 1.0
1.0 -1.0 0.0 -1.0 1.0
1.0 -1.0 0.0 -1.0 1.0
1.0 -1.0 0.0 -1.0 1.0
1.0 -1.0 0.0 -1.0 1.0
1.0 -1.0 0.0 -1.0 1.0
1.0 -1.0 0.0 -1.0 1.0
1.0 -1.0 0.0 -1.0 1.0
1.0 -1.0 0.0 -1.0 1.0
1.0 -1.0 0.0 -1.0 1.0
1.0 -1.0 0.0 -1.0 1.0
1.0 -1.0 0.0 -1.0 1.0
1.0 -1.0 0.0 -1.0 1.0
1.0 -1.0 0.0 -1.0 1.0
1.0 -1.0 -1.0 -1.0 1.0
1.0 -1.0 -1.0 -1.0 1.0
1.0 -1.0 -1.0 -1.0 1.0
1.0 -1.0 -1.0 -1.0 1.0
1.0 -1.0 -1.0 -1.0 1.0
Fitness: -4029.731935406641
Instances 106: 23-Nov-14
1.0 -1.0 0.0 -1.0 1.0
1.0 -1.0 0.0 -1.0 1.0
1.0 -1.0 0.0 -1.0 1.0
1.0 -1.0 0.0 -1.0 1.0
1.0 -1.0 0.0 -1.0 1.0
1.0 -1.0 0.0 -1.0 1.0
1.0 -1.0 0.0 -1.0 1.0
1.0 -1.0 0.0 -1.0 1.0
1.0 -1.0 0.0 -1.0 1.0
1.0 -1.0 0.0 -1.0 1.0
1.0 -1.0 0.0 -1.0 1.0
1.0 -1.0 0.0 -1.0 1.0
1.0 -1.0 0.0 -1.0 1.0
1.0 -1.0 0.0 -1.0 1.0
1.0 -1.0 0.0 -1.0 1.0
1.0 -1.0 0.0 -1.0 1.0
1.0 -1.0 0.0 -1.0 1.0
1.0 -1.0 0.0 -1.0 1.0
1.0 -1.0 0.0 -1.0 1.0
1.0 -1.0 -1.0 -1.0 1.0
1.0 -1.0 -1.0 -1.0 1.0
1.0 -1.0 -1.0 -1.0 1.0
1.0 -1.0 -1.0 -1.0 1.0
1.0 -1.0 -1.0 -1.0 1.0
Fitness: -3821.930716618636
Instances 107: 24-Nov-14
1.0 -1.0 0.0 -1.0 1.0
1.0 -1.0 0.0 -1.0 1.0
1.0 -1.0 0.0 -1.0 1.0
1.0 -1.0 0.0 -1.0 1.0
1.0 -1.0 0.0 -1.0 1.0
1.0 -1.0 0.0 -1.0 1.0
1.0 -1.0 0.0 -1.0 1.0
1.0 -1.0 0.0 -1.0 1.0
1.0 -1.0 0.0 -1.0 1.0
1.0 -1.0 0.0 -1.0 1.0
1.0 -1.0 0.0 -1.0 1.0
1.0 -1.0 0.0 -1.0 1.0
1.0 -1.0 0.0 -1.0 1.0
1.0 -1.0 0.0 -1.0 1.0
1.0 -1.0 0.0 -1.0 1.0
1.0 -1.0 0.0 -1.0 1.0
1.0 -1.0 0.0 -1.0 1.0
1.0 -1.0 0.0 -1.0 1.0
1.0 -1.0 0.0 -1.0 1.0
1.0 -1.0 -1.0 -1.0 1.0
1.0 -1.0 -1.0 -1.0 1.0
1.0 -1.0 -1.0 -1.0 1.0
1.0 -1.0 -1.0 -1.0 1.0
1.0 -1.0 -1.0 -1.0 1.0
Fitness: -3550.9851231160046
Instances 108: 25-Nov-14
1.0 -1.0 0.0 -1.0 1.0
1.0 -1.0 0.0 -1.0 1.0
1.0 -1.0 0.0 -1.0 1.0
1.0 -1.0 0.0 -1.0 1.0
1.0 -1.0 0.0 -1.0 1.0
1.0 -1.0 0.0 -1.0 1.0
1.0 -1.0 0.0 -1.0 1.0
1.0 -1.0 0.0 -1.0 1.0
1.0 -1.0 0.0 -1.0 1.0
1.0 -1.0 0.0 -1.0 1.0
1.0 -1.0 0.0 -1.0 1.0
1.0 -1.0 0.0 -1.0 1.0
1.0 -1.0 0.0 -1.0 1.0
1.0 -1.0 0.0 -1.0 1.0
1.0 -1.0 0.0 -1.0 1.0
1.0 -1.0 0.0 -1.0 1.0
1.0 -1.0 0.0 -1.0 1.0
1.0 -1.0 0.0 -1.0 1.0
1.0 -1.0 0.0 -1.0 1.0
1.0 -1.0 -1.0 -1.0 1.0
1.0 -1.0 -1.0 -1.0 1.0
1.0 -1.0 -1.0 -1.0 1.0
1.0 -1.0 -1.0 -1.0 1.0
1.0 -1.0 -1.0 -1.0 1.0
Fitness: -3508.502220553559
Instances 109: 26-Nov-14
1.0 -1.0 0.0 -1.0 1.0
1.0 -1.0 0.0 -1.0 1.0
1.0 -1.0 0.0 -1.0 1.0
1.0 -1.0 0.0 -1.0 1.0
1.0 -1.0 0.0 -1.0 1.0
1.0 -1.0 0.0 -1.0 1.0
1.0 -1.0 0.0 -1.0 1.0
1.0 -1.0 0.0 -1.0 1.0
1.0 -1.0 0.0 -1.0 1.0
1.0 -1.0 0.0 -1.0 1.0
1.0 -1.0 0.0 -1.0 1.0
1.0 -1.0 0.0 -1.0 1.0
1.0 -1.0 0.0 -1.0 1.0
1.0 -1.0 0.0 -1.0 1.0
1.0 -1.0 0.0 -1.0 1.0
1.0 -1.0 0.0 -1.0 1.0
1.0 -1.0 0.0 -1.0 1.0
1.0 -1.0 0.0 -1.0 1.0
1.0 -1.0 0.0 -1.0 1.0
1.0 -1.0 -1.0 -1.0 1.0
1.0 -1.0 -1.0 -1.0 1.0
1.0 -1.0 -1.0 -1.0 1.0
1.0 -1.0 -1.0 -1.0 1.0
1.0 -1.0 -1.0 -1.0 1.0
Fitness: -3096.7481984900087
Instances 110: 27-Nov-14
1.0 -1.0 0.0 -1.0 1.0
1.0 -1.0 0.0 -1.0 1.0
1.0 -1.0 0.0 -1.0 1.0
1.0 -1.0 0.0 -1.0 1.0
1.0 -1.0 0.0 -1.0 1.0
1.0 -1.0 0.0 -1.0 1.0
1.0 -1.0 0.0 -1.0 1.0
1.0 -1.0 0.0 -1.0 1.0
1.0 -1.0 0.0 -1.0 1.0
1.0 -1.0 0.0 -1.0 1.0
1.0 -1.0 0.0 -1.0 1.0
1.0 -1.0 0.0 -1.0 1.0
1.0 -1.0 0.0 -1.0 1.0
1.0 -1.0 0.0 -1.0 1.0
1.0 -1.0 0.0 -1.0 1.0
1.0 -1.0 0.0 -1.0 1.0
1.0 -1.0 0.0 -1.0 1.0
1.0 -1.0 0.0 -1.0 1.0
1.0 -1.0 0.0 -1.0 1.0
1.0 -1.0 -1.0 -1.0 1.0
1.0 -1.0 -1.0 -1.0 1.0
1.0 -1.0 -1.0 -1.0 1.0
1.0 -1.0 -1.0 -1.0 1.0
1.0 -1.0 -1.0 -1.0 1.0
Fitness: -2998.4350793065987
Instances 111: 28-Nov-14
1.0 -1.0 0.0 -1.0 1.0
1.0 -1.0 0.0 -1.0 1.0
1.0 -1.0 0.0 -1.0 1.0
1.0 -1.0 0.0 -1.0 1.0
1.0 -1.0 0.0 -1.0 1.0
1.0 -1.0 0.0 -1.0 1.0
1.0 -1.0 0.0 -1.0 1.0
1.0 -1.0 0.0 -1.0 1.0
1.0 -1.0 0.0 -1.0 1.0
1.0 -1.0 0.0 -1.0 1.0
1.0 -1.0 0.0 -1.0 1.0
1.0 -1.0 0.0 -1.0 1.0
1.0 -1.0 0.0 -1.0 1.0
1.0 -1.0 0.0 -1.0 1.0
1.0 -1.0 0.0 -1.0 1.0
1.0 -1.0 0.0 -1.0 1.0
1.0 -1.0 0.0 -1.0 1.0
1.0 -1.0 0.0 -1.0 1.0
1.0 -1.0 0.0 -1.0 1.0
1.0 -1.0 -1.0 -1.0 1.0
1.0 -1.0 -1.0 -1.0 1.0
1.0 -1.0 -1.0 -1.0 1.0
1.0 -1.0 -1.0 -1.0 1.0
1.0 -1.0 -1.0 -1.0 1.0
Fitness: -4630.514530306197
Instances 112: 29-Nov-14
1.0 -1.0 0.0 -1.0 1.0
1.0 -1.0 0.0 -1.0 1.0
1.0 -1.0 0.0 -1.0 1.0
1.0 -1.0 0.0 -1.0 1.0
1.0 -1.0 0.0 -1.0 1.0
1.0 -1.0 0.0 -1.0 1.0
1.0 -1.0 0.0 -1.0 1.0
1.0 -1.0 0.0 -1.0 1.0
1.0 -1.0 0.0 -1.0 1.0
1.0 -1.0 0.0 -1.0 1.0
1.0 -1.0 0.0 -1.0 1.0
1.0 -1.0 0.0 -1.0 1.0
1.0 -1.0 0.0 -1.0 1.0
1.0 -1.0 0.0 -1.0 1.0
1.0 -1.0 0.0 -1.0 1.0
1.0 -1.0 0.0 -1.0 1.0
1.0 -1.0 0.0 -1.0 1.0
1.0 -1.0 0.0 -1.0 1.0
1.0 -1.0 0.0 -1.0 1.0
1.0 -1.0 -1.0 -1.0 1.0
1.0 -1.0 -1.0 -1.0 1.0
1.0 -1.0 -1.0 -1.0 1.0
1.0 -1.0 -1.0 -1.0 1.0
1.0 -1.0 -1.0 -1.0 1.0
Fitness: -8353.588306992593
Instances 113: 30-Nov-14
1.0 -1.0 0.0 -1.0 1.0
1.0 -1.0 0.0 -1.0 1.0
1.0 -1.0 0.0 -1.0 1.0
1.0 -1.0 0.0 -1.0 1.0
1.0 -1.0 0.0 -1.0 1.0
1.0 -1.0 0.0 -1.0 1.0
1.0 -1.0 0.0 -1.0 1.0
1.0 -1.0 0.0 -1.0 1.0
1.0 -1.0 0.0 -1.0 1.0
1.0 -1.0 0.0 -1.0 1.0
1.0 -1.0 0.0 -1.0 1.0
1.0 -1.0 0.0 -1.0 1.0
1.0 -1.0 0.0 -1.0 1.0
1.0 -1.0 0.0 -1.0 1.0
1.0 -1.0 0.0 -1.0 1.0
1.0 -1.0 0.0 -1.0 1.0
1.0 -1.0 0.0 -1.0 1.0
1.0 -1.0 0.0 -1.0 1.0
1.0 -1.0 0.0 -1.0 1.0
1.0 -1.0 -1.0 -1.0 1.0
1.0 -1.0 -1.0 -1.0 1.0
1.0 -1.0 -1.0 -1.0 1.0
1.0 -1.0 -1.0 -1.0 1.0
1.0 -1.0 -1.0 -1.0 1.0
Fitness: -4676.922593447235
Instances 114: 01-Dec-14
1.0 -1.0 0.0 -1.0 1.0
1.0 -1.0 0.0 -1.0 1.0
1.0 -1.0 0.0 -1.0 1.0
1.0 -1.0 0.0 -1.0 1.0
1.0 -1.0 0.0 -1.0 1.0
1.0 -1.0 0.0 -1.0 1.0
1.0 -1.0 0.0 -1.0 1.0
1.0 -1.0 0.0 -1.0 1.0
1.0 -1.0 0.0 -1.0 1.0
1.0 -1.0 0.0 -1.0 1.0
1.0 -1.0 0.0 -1.0 1.0
1.0 -1.0 0.0 -1.0 1.0
1.0 -1.0 0.0 -1.0 1.0
1.0 -1.0 0.0 -1.0 1.0
1.0 -1.0 0.0 -1.0 1.0
1.0 -1.0 0.0 -1.0 1.0
1.0 -1.0 0.0 -1.0 1.0
1.0 -1.0 0.0 -1.0 1.0
1.0 -1.0 0.0 -1.0 1.0
1.0 -1.0 -1.0 -1.0 1.0
1.0 -1.0 -1.0 -1.0 1.0
1.0 -1.0 -1.0 -1.0 1.0
1.0 -1.0 -1.0 -1.0 1.0
1.0 -1.0 -1.0 -1.0 1.0
Fitness: -4333.3068990291085
Instances 115: 22-Dec-14
1.0 -1.0 0.0 -1.0 1.0
1.0 -1.0 0.0 -1.0 1.0
1.0 -1.0 0.0 -1.0 1.0
1.0 -1.0 0.0 -1.0 1.0
1.0 -1.0 0.0 -1.0 1.0
1.0 -1.0 0.0 -1.0 1.0
1.0 -1.0 0.0 -1.0 1.0
1.0 -1.0 0.0 -1.0 1.0
1.0 -1.0 0.0 -1.0 1.0
1.0 -1.0 0.0 -1.0 1.0
1.0 -1.0 0.0 -1.0 1.0
1.0 -1.0 0.0 -1.0 1.0
1.0 -1.0 0.0 -1.0 1.0
1.0 -1.0 0.0 -1.0 1.0
1.0 -1.0 0.0 -1.0 1.0
1.0 -1.0 0.0 -1.0 1.0
1.0 -1.0 0.0 -1.0 1.0
1.0 -1.0 0.0 -1.0 1.0
1.0 -1.0 0.0 -1.0 1.0
1.0 -1.0 -1.0 -1.0 1.0
1.0 -1.0 -1.0 -1.0 1.0
1.0 -1.0 -1.0 -1.0 1.0
1.0 -1.0 -1.0 -1.0 1.0
1.0 -1.0 -1.0 -1.0 1.0
Fitness: -6032.007480326193
Instances 116: 23-Dec-14
1.0 -1.0 0.0 -1.0 1.0
1.0 -1.0 0.0 -1.0 1.0
1.0 -1.0 0.0 -1.0 1.0
1.0 -1.0 0.0 -1.0 1.0
1.0 -1.0 0.0 -1.0 1.0
1.0 -1.0 0.0 -1.0 1.0
1.0 -1.0 0.0 -1.0 1.0
1.0 -1.0 0.0 -1.0 1.0
1.0 -1.0 0.0 -1.0 1.0
1.0 -1.0 0.0 -1.0 1.0
1.0 -1.0 0.0 -1.0 1.0
1.0 -1.0 0.0 -1.0 1.0
1.0 -1.0 0.0 -1.0 1.0
1.0 -1.0 0.0 -1.0 1.0
1.0 -1.0 0.0 -1.0 1.0
1.0 -1.0 0.0 -1.0 1.0
1.0 -1.0 0.0 -1.0 1.0
1.0 -1.0 0.0 -1.0 1.0
1.0 -1.0 0.0 -1.0 1.0
1.0 -1.0 -1.0 -1.0 1.0
1.0 -1.0 -1.0 -1.0 1.0
1.0 -1.0 -1.0 -1.0 1.0
1.0 -1.0 -1.0 -1.0 1.0
1.0 -1.0 -1.0 -1.0 1.0
Fitness: -6396.692537908142
Instances 117: 24-Dec-14
1.0 -1.0 0.0 -1.0 1.0
1.0 -1.0 0.0 -1.0 1.0
1.0 -1.0 0.0 -1.0 1.0
1.0 -1.0 0.0 -1.0 1.0
1.0 -1.0 0.0 -1.0 1.0
1.0 -1.0 0.0 -1.0 1.0
1.0 -1.0 0.0 -1.0 1.0
1.0 -1.0 0.0 -1.0 1.0
1.0 -1.0 0.0 -1.0 1.0
1.0 -1.0 0.0 -1.0 1.0
1.0 -1.0 0.0 -1.0 1.0
1.0 -1.0 0.0 -1.0 1.0
1.0 -1.0 0.0 -1.0 1.0
1.0 -1.0 0.0 -1.0 1.0
1.0 -1.0 0.0 -1.0 1.0
1.0 -1.0 0.0 -1.0 1.0
1.0 -1.0 0.0 -1.0 1.0
1.0 -1.0 0.0 -1.0 1.0
1.0 -1.0 0.0 -1.0 1.0
1.0 -1.0 -1.0 -1.0 1.0
1.0 -1.0 -1.0 -1.0 1.0
1.0 -1.0 -1.0 -1.0 1.0
1.0 -1.0 -1.0 -1.0 1.0
1.0 -1.0 -1.0 -1.0 1.0
Fitness: -6157.110803996227
Instances 118: 25-Dec-14
1.0 -1.0 0.0 -1.0 1.0
1.0 -1.0 0.0 -1.0 1.0
1.0 -1.0 0.0 -1.0 1.0
1.0 -1.0 0.0 -1.0 1.0
1.0 -1.0 0.0 -1.0 1.0
1.0 -1.0 0.0 -1.0 1.0
1.0 -1.0 0.0 -1.0 1.0
1.0 -1.0 0.0 -1.0 1.0
1.0 -1.0 0.0 -1.0 1.0
1.0 -1.0 0.0 -1.0 1.0
1.0 -1.0 0.0 -1.0 1.0
1.0 -1.0 0.0 -1.0 1.0
1.0 -1.0 0.0 -1.0 1.0
1.0 -1.0 0.0 -1.0 1.0
1.0 -1.0 0.0 -1.0 1.0
1.0 -1.0 0.0 -1.0 1.0
1.0 -1.0 0.0 -1.0 1.0
1.0 -1.0 0.0 -1.0 1.0
1.0 -1.0 0.0 -1.0 1.0
1.0 -1.0 -1.0 -1.0 1.0
1.0 -1.0 -1.0 -1.0 1.0
1.0 -1.0 -1.0 -1.0 1.0
1.0 -1.0 -1.0 -1.0 1.0
1.0 -1.0 -1.0 -1.0 1.0
Fitness: -7541.937061930104
Instances 119: 26-Dec-14
1.0 -1.0 0.0 -1.0 1.0
1.0 -1.0 0.0 -1.0 1.0
1.0 -1.0 0.0 -1.0 1.0
1.0 -1.0 0.0 -1.0 1.0
1.0 -1.0 0.0 -1.0 1.0
1.0 -1.0 0.0 -1.0 1.0
1.0 -1.0 0.0 -1.0 1.0
1.0 -1.0 0.0 -1.0 1.0
1.0 -1.0 0.0 -1.0 1.0
1.0 -1.0 0.0 -1.0 1.0
1.0 -1.0 0.0 -1.0 1.0
1.0 -1.0 0.0 -1.0 1.0
1.0 -1.0 0.0 -1.0 1.0
1.0 -1.0 0.0 -1.0 1.0
1.0 -1.0 0.0 -1.0 1.0
1.0 -1.0 0.0 -1.0 1.0
1.0 -1.0 0.0 -1.0 1.0
1.0 -1.0 0.0 -1.0 1.0
1.0 -1.0 0.0 -1.0 1.0
1.0 -1.0 -1.0 -1.0 1.0
1.0 -1.0 -1.0 -1.0 1.0
1.0 -1.0 -1.0 -1.0 1.0
1.0 -1.0 -1.0 -1.0 1.0
1.0 -1.0 -1.0 -1.0 1.0
Fitness: -13850.941180788446
Instances 120: 27-Dec-14
1.0 -1.0 0.0 -1.0 1.0
1.0 -1.0 0.0 -1.0 1.0
1.0 -1.0 0.0 -1.0 1.0
1.0 -1.0 0.0 -1.0 1.0
1.0 -1.0 0.0 -1.0 1.0
1.0 -1.0 0.0 -1.0 1.0
1.0 -1.0 0.0 -1.0 1.0
1.0 -1.0 0.0 -1.0 1.0
1.0 -1.0 0.0 -1.0 1.0
1.0 -1.0 0.0 -1.0 1.0
1.0 -1.0 0.0 -1.0 1.0
1.0 -1.0 0.0 -1.0 1.0
1.0 -1.0 0.0 -1.0 1.0
1.0 -1.0 0.0 -1.0 1.0
1.0 -1.0 0.0 -1.0 1.0
1.0 -1.0 0.0 -1.0 1.0
1.0 -1.0 0.0 -1.0 1.0
1.0 -1.0 0.0 -1.0 1.0
1.0 -1.0 0.0 -1.0 1.0
1.0 -1.0 -1.0 -1.0 1.0
1.0 -1.0 -1.0 -1.0 1.0
1.0 -1.0 -1.0 -1.0 1.0
1.0 -1.0 -1.0 -1.0 1.0
1.0 -1.0 -1.0 -1.0 1.0
Fitness: -19100.97905969586
Instances 121: 28-Dec-14
1.0 -1.0 0.0 -1.0 1.0
1.0 -1.0 0.0 -1.0 1.0
1.0 -1.0 0.0 -1.0 1.0
1.0 -1.0 0.0 -1.0 1.0
1.0 -1.0 0.0 -1.0 1.0
1.0 -1.0 0.0 -1.0 1.0
1.0 -1.0 0.0 -1.0 1.0
1.0 -1.0 0.0 -1.0 1.0
1.0 -1.0 0.0 -1.0 1.0
1.0 -1.0 0.0 -1.0 1.0
1.0 -1.0 0.0 -1.0 1.0
1.0 -1.0 0.0 -1.0 1.0
1.0 -1.0 0.0 -1.0 1.0
1.0 -1.0 0.0 -1.0 1.0
1.0 -1.0 0.0 -1.0 1.0
1.0 -1.0 0.0 -1.0 1.0
1.0 -1.0 0.0 -1.0 1.0
1.0 -1.0 0.0 -1.0 1.0
1.0 -1.0 0.0 -1.0 1.0
1.0 -1.0 -1.0 -1.0 1.0
1.0 -1.0 -1.0 -1.0 1.0
1.0 -1.0 -1.0 -1.0 1.0
1.0 -1.0 -1.0 -1.0 1.0
1.0 -1.0 -1.0 -1.0 1.0
Fitness: -19252.07155859374
Instances 122: 29-Dec-14
1.0 -1.0 0.0 -1.0 1.0
1.0 -1.0 0.0 -1.0 1.0
1.0 -1.0 0.0 -1.0 1.0
1.0 -1.0 0.0 -1.0 1.0
1.0 -1.0 0.0 -1.0 1.0
1.0 -1.0 0.0 -1.0 1.0
1.0 -1.0 0.0 -1.0 1.0
1.0 -1.0 0.0 -1.0 1.0
1.0 -1.0 0.0 -1.0 1.0
1.0 -1.0 0.0 -1.0 1.0
1.0 -1.0 0.0 -1.0 1.0
1.0 -1.0 0.0 -1.0 1.0
1.0 -1.0 0.0 -1.0 1.0
1.0 -1.0 0.0 -1.0 1.0
1.0 -1.0 0.0 -1.0 1.0
1.0 -1.0 0.0 -1.0 1.0
1.0 -1.0 0.0 -1.0 1.0
1.0 -1.0 0.0 -1.0 1.0
1.0 -1.0 0.0 -1.0 1.0
1.0 -1.0 -1.0 -1.0 1.0
1.0 -1.0 -1.0 -1.0 1.0
1.0 -1.0 -1.0 -1.0 1.0
1.0 -1.0 -1.0 -1.0 1.0
1.0 -1.0 -1.0 -1.0 1.0
Fitness: -14139.393367951163
Instances 123: 30-Dec-14
1.0 -1.0 0.0 -1.0 1.0
1.0 -1.0 0.0 -1.0 1.0
1.0 -1.0 0.0 -1.0 1.0
1.0 -1.0 0.0 -1.0 1.0
1.0 -1.0 0.0 -1.0 1.0
1.0 -1.0 0.0 -1.0 1.0
1.0 -1.0 0.0 -1.0 1.0
1.0 -1.0 0.0 -1.0 1.0
1.0 -1.0 0.0 -1.0 1.0
1.0 -1.0 0.0 -1.0 1.0
1.0 -1.0 0.0 -1.0 1.0
1.0 -1.0 0.0 -1.0 1.0
1.0 -1.0 0.0 -1.0 1.0
1.0 -1.0 0.0 -1.0 1.0
1.0 -1.0 0.0 -1.0 1.0
1.0 -1.0 0.0 -1.0 1.0
1.0 -1.0 0.0 -1.0 1.0
1.0 -1.0 0.0 -1.0 1.0
1.0 -1.0 0.0 -1.0 1.0
1.0 -1.0 -1.0 -1.0 1.0
1.0 -1.0 -1.0 -1.0 1.0
1.0 -1.0 -1.0 -1.0 1.0
1.0 -1.0 -1.0 -1.0 1.0
1.0 -1.0 -1.0 -1.0 1.0
Fitness: -7713.438952374655
Instances 124: 31-Dec-14
1.0 -1.0 0.0 -1.0 1.0
1.0 -1.0 0.0 -1.0 1.0
1.0 -1.0 0.0 -1.0 1.0
1.0 -1.0 0.0 -1.0 1.0
1.0 -1.0 0.0 -1.0 1.0
1.0 -1.0 0.0 -1.0 1.0
1.0 -1.0 0.0 -1.0 1.0
1.0 -1.0 0.0 -1.0 1.0
1.0 -1.0 0.0 -1.0 1.0
1.0 -1.0 0.0 -1.0 1.0
1.0 -1.0 0.0 -1.0 1.0
1.0 -1.0 0.0 -1.0 1.0
1.0 -1.0 0.0 -1.0 1.0
1.0 -1.0 0.0 -1.0 1.0
1.0 -1.0 0.0 -1.0 1.0
1.0 -1.0 0.0 -1.0 1.0
1.0 -1.0 0.0 -1.0 1.0
1.0 -1.0 0.0 -1.0 1.0
1.0 -1.0 0.0 -1.0 1.0
1.0 -1.0 -1.0 -1.0 1.0
1.0 -1.0 -1.0 -1.0 1.0
1.0 -1.0 -1.0 -1.0 1.0
1.0 -1.0 -1.0 -1.0 1.0
1.0 -1.0 -1.0 -1.0 1.0
Fitness: -7646.727285432596
