-3183.355932563105
-3710.115106001431
-4956.693977119794
-4303.079080351906
-3596.219045054004
-4866.992607756162
-7829.084679888124
-7894.674933695528
-6968.865016448874
-7349.574155979182
-8327.480014747056
-2395.8242804873785
-2002.0341383242455
-2084.720141438859
-2338.9433556400527
-2505.983486943497
-2886.354741908775
-2378.761538398159
-5061.310054554494
-4337.8488506279755
-1805.2912194114285
-1516.7054371214483
-1793.9316024756968
-1018.3120003340283
-4776.731906501243
-6545.6017213746845
-3692.2545880564485
-798.665494599615
-501.992320385158
-961.6044834128903
993.4785441989228
-1211.951761618422
-743.4198030518028
568.3783780687066
837.7202875016051
590.7313088424071
829.8455907600003
798.4327107154095
381.44790880478763
-593.4635866813654
279.92163983131667
1417.5495162799998
-914.218550472782
1648.8518122
1696.6795656000002
1111.1209320600003
1101.90379858
1313.4275408
1193.4927023600005
1362.40903504
1552.6979143599997
1527.38711052
1246.16009904
1383.9139436400003
1285.7287499599997
1514.4923769600002
1592.6909321999997
1608.4351620799998
1308.8567390800001
1225.8493827599998
1134.702482
1400.98266882
1553.5918652399998
1761.5642834
1633.36545264
1753.7909254800002
1691.03962496
1623.1883042400002
1034.9767210800003
1080.4164381800001
1524.42857616
1760.30485708
1731.4770184799997
1713.63908784
1636.2652970399997
1697.6911272799998
1054.4756988600002
598.6018882600001
1475.6051561200006
1763.4058008
1503.2471844399995
1354.3569598
1202.19002032
691.8956676200002
727.2603433600002
1004.98600246
1349.2748109000001
1300.6428516400001
1126.2191616999999
1280.0842200199995
1479.35921288
985.93580554
642.9463899799998
1030.44715776
-1467.9281535541252
-2095.9235660658205
-6737.093326918549
-9658.80091260933
-4769.010254606051
-3546.6325729500177
-1921.3690663831433
-2114.460467998105
-2081.935610788139
-1200.6614032469715
-5268.925070265837
-4029.731935406641
-3821.930716618636
-3550.9851231160046
-3508.502220553559
-3096.7481984900087
-2998.4350793065987
-4630.514530306197
-8353.588306992593
-4676.922593447235
-4333.3068990291085
-6032.007480326193
-6396.692537908142
-6157.110803996227
-7541.937061930104
-13850.941180788446
-19100.97905969586
-19252.07155859374
-14139.393367951163
-7713.438952374655
-7646.727285432596
