-3875.431553073787
-4469.475578860974
-5654.185805551363
-5197.940332453672
-4322.183511420939
-5649.862915548041
-8812.823712515494
-8638.861405587439
-8154.3288935379505
-8305.772831776945
-9344.703524537934
-3485.558992815929
-2806.234195011051
-3353.210667324879
-3166.6448071530185
-3312.425778143178
-4106.619872984253
-3802.4450853818566
-6041.1926693658825
-5313.565079505475
-2610.16929079138
-2421.5982905975834
-2659.3999086423128
-1839.1838776421778
-6540.617466043163
-8100.777372233161
-4876.371626676524
-1564.840243578679
-1276.3489662713714
-1883.1947816849943
108.56704868372663
-2272.8533170988235
-1968.827319640078
-304.10416818896374
108.16339409635432
-100.1079494738564
48.42204594917311
-63.72083960027771
-565.3510302121161
-1647.9086212503362
-396.7171400330558
689.8981359693202
-2198.3579516460054
883.4626930019411
990.9709207377998
384.12451410627176
350.9274779287475
620.1291387645734
525.8146873003582
687.8447324106025
848.0394847877657
830.9940270176751
513.1891352006511
680.7827777150414
528.3193151658252
806.705813490762
877.6652634303113
894.9069489280097
603.4021922087909
555.9934291411764
428.5049090994581
663.3369487261667
830.5935350204749
1044.6354065151265
932.1874555014333
1054.9050368676992
992.214966299345
931.2322808699989
315.92704888163405
366.46756372266907
840.0908901997984
1057.9569679368883
1039.288817336536
1033.6644589451737
924.0722298938977
1021.609678018712
338.4139085085619
-145.42405139655756
790.834787482951
1082.2242897571077
824.8907069832655
654.285517121878
521.16029265155
-51.93589472015407
-43.345452386831155
270.50465482887176
659.9691907457459
646.1304098037834
443.59892226859176
625.254470405971
707.7944111941833
177.07333980471728
-158.3096650952649
343.1998620134111
-2408.286497081061
-2888.3414143762066
-7781.345884362706
-10989.08349596218
-6046.011173726439
-4347.306572991847
-2630.1379066408513
-3073.1645196360546
-2818.256239401911
-2000.8182922692395
-6033.167794920285
-4981.290866669687
-4632.708797414947
-4272.579806267762
-4156.828967368596
-3763.1766111893467
-3688.639979055523
-5425.241695727753
-9100.355976333378
-5383.031288199603
-5185.228381105386
-6997.008265029799
-7444.2741506033435
-7081.28821465815
-8392.655094168547
-15718.509305277521
-22256.896160933662
-22506.093977650915
-15728.467142454081
-8948.270088845436
-8710.182785099769
