3.176900437601243
3.5157625933337076
3.4446428736404484
2.3293339349188074
3.020090976199108
2.981097965605228
1.9333280994105841
2.40096482203519
2.608418967177814
2.1752789631335006
3.0816941432346576
2.370650078407713
3.2451520284579494
3.4079803206275887
3.741185413359516
3.4684375677585444
2.708045348619483
2.4552666961809018
2.9274494552312333
4.029553424006807
3.6778013258943454
2.9005147686862567
3.6296139553788778
3.289383792337974
3.206265909135234
3.6916946839991907
2.9932780603578752
3.5136648497532224
2.257255124995924
2.2651755471321633
3.8381976962420494
3.32352614332905
2.5452425720593332
2.0230166870871975
3.1321207650446152
2.069267703552973
2.8344435214649555
2.5387590570990923
1.603654657427203
3.615334458665126
3.363650543035925
2.690413335665116
3.2854331682497624
2.9435862406191733
3.0460588767754566
2.3125994851646894
3.329414528498971
2.2619709575781632
2.40269242935978
2.938580106525653
2.191597611970842
2.248999027663741
3.815120271357271
3.073586962411586
2.3111276440145527
3.0563734291307116
2.3319819493182434
2.244458752797997
2.3480847459060183
1.742589743071175
3.0445824535776036
1.9488913401377748
2.5811624171015777
2.5251652109329146
2.6668622913996445
1.889769133295315
3.0653448053735493
2.274731746784371
3.0465366239564817
3.85813156513212
2.394279837895833
2.2795812918626672
2.9621044477207823
1.9596795186554656
3.4158876116077073
2.129254627777254
1.9544100332301313
2.219122505938801
2.906251322489112
3.6570027908514757
2.2344949023408693
4.729498165931173
1.7772734975561062
3.6992722733264016
2.9305136894176824
2.7078664126040004
2.272780044545868
2.7903698643963497
2.4884744239677064
2.3965168233167597
3.3051662596478546
1.9866806059807764
3.5121457295726675
2.6175484387627272
2.3632034229151193
