-3940.652012380618
-4366.346747511488
-5635.581535676084
-5013.760671754476
-4187.725101645773
-5567.819945527805
-8853.440504856013
-8698.731716680428
-7901.350975176975
-8089.882538644351
-9011.341704492967
-2727.9024613099446
-2350.951332235694
-2337.138736265564
-2684.9429883148127
-3004.2950968366
-3520.1134021730622
-2858.856428181011
-5619.215215583862
-4998.391212842955
-2294.0877535003915
-1744.5245111536071
-2210.467680999208
-1173.7532793294104
-5395.57483647349
-7417.38626706226
-4228.961853802106
-1032.116921628454
-711.7774292716445
-1288.1656014350551
865.7989508954289
-1463.3273373133316
-1006.5390681966787
443.3003632563792
704.260479448817
419.54863695154864
717.1420412980715
577.3395356900057
122.19490575728437
-832.5064034659772
-16.266641758025912
1299.172608256595
-1310.5207568051571
1546.6904593329225
1518.3080619439013
1023.1705476465647
948.0343913812314
1202.682126781038
1087.5424110821696
1224.6458445771036
1388.8482556070821
1412.231373670807
1136.9221805638863
1285.243496569672
1189.5679473838898
1355.5682825177578
1505.4031826580692
1515.3604005549846
1232.278995214826
1149.292195253573
1015.1534278680273
1336.958508498074
1459.0347404777858
1673.8851886632992
1550.5307924878045
1674.809322238816
1597.4409679157568
1529.7576572248563
950.828336423188
1013.3383488499001
1447.8726768237677
1686.4208813406474
1644.1594796064535
1629.8568403628506
1550.8854009387576
1634.5856631322647
952.8575822059438
485.78164539792857
1387.486331545472
1677.3827114371077
1414.3352488679611
1272.6177920576079
1123.872837111941
464.00671619410133
602.5374430244531
921.8546186487047
1272.2874209718125
1207.734911567898
973.3577728290091
1224.596781338126
1381.2537162985107
873.3410586547654
505.4397785213978
891.0162503100952
-1891.8439958305212
-2477.813029029913
-7170.827278936934
-10350.410647480066
-5418.307863301744
-4335.25499960955
-2193.0613471365514
-2351.132169078169
-2340.1395010738443
-1426.5162007701833
-5836.371797353641
-4614.81697974234
-4353.325384228527
-4326.512966377776
-4088.016782095012
-3645.2997028085665
-3458.153832452808
-5317.363699686835
-9141.379680947064
-5377.267035886576
-5444.448902930758
-7184.019260517006
-7594.056890647621
-7099.537298881138
-8391.61037459839
-14795.251667800967
-20602.45626213386
-20114.120727012407
-14915.730985912729
-8770.141540018525
-8486.916480151645
