-13880.834594610205
-15065.766906743933
-13917.637655792936
-14518.25199288523
-16429.369610061898
-16476.106317408008
-14158.39200738904
-13169.45000635382
-15210.296831536005
-15546.973294656886
-14148.189904814399
-9838.436812135285
-9391.141489338019
-13041.912292772106
-11775.231630295964
-10247.567751508399
-10145.97812597507
-12647.653975145464
-10665.910788260091
-11967.494927790838
-11164.527102701926
-10202.227762173306
-11968.995837763732
-9824.702267024033
-12542.659306778078
-12158.421935773466
-11635.715364537276
-12030.671129610173
-11920.639846332866
-13258.538709354942
-12534.437525507345
-10962.615374064593
-5546.186937594335
-7615.544959116151
-9560.12150983626
-9220.732940861588
-6432.5262125134195
-6730.869653408762
-7831.475448857045
-9151.660331514217
-8497.42450144154
-6196.601711835735
-6674.082538082555
-8834.84770203782
-8295.29169359635
-7718.664311075534
-7563.864468750489
-8151.390883352643
-8627.278422896126
-8013.653075946117
-7880.827797167074
-8552.271981382919
-7893.5289266075915
-3240.769017294546
-5659.447925601234
-4345.113723366219
-3779.5569220876323
-5413.739175490107
-4266.705928507842
-4189.631963352049
-4865.637570568747
-6067.744709526285
-5031.096837726418
-6754.4223915978855
-6368.462127799777
-3192.1415245169187
-3729.0724074462237
-3883.6079676197155
-3611.0745012808047
-3554.041099886445
-3763.4442430520653
-2520.0403581464047
-2591.254895465804
-2943.0838997363903
-2560.0183177245367
-8402.867647771182
-6859.817674886352
-6560.66291642047
-7202.077866062571
-8039.970062461894
-8400.222623513362
-8100.821129854
-7952.343521784475
-3958.47253061264
-4334.663201319416
-6101.239333094801
-5530.007808660079
-5913.1831445788175
-6099.900242762858
-5708.954008516555
-4934.896825701069
-4031.875583623018
-4382.542021717206
-5362.101685518618
-8658.368303132775
-9721.892648461895
-9227.73357233229
-7840.18734099776
-7782.873699951049
-7537.575929789435
-7075.375649127694
-7746.166200363728
-9018.89220090199
-7729.650283472109
-8236.073017740866
-8546.692291017245
-8224.532198877661
-7523.835517052755
-9003.857277159259
-9421.286516886694
-9629.022398414372
-9429.773339543872
-10182.654715231596
-10293.553654287482
-9529.60763124854
-11570.589434855032
-12845.68806831656
-14056.9966417426
-11119.595879586257
-10570.239457288213
-10456.02316013477
-9507.042521100579
-11270.982454422552
-9891.438028219169
-10885.834495337964
