-4701.073227044578
-4531.083394386288
-3834.3563096929324
-3830.89588893614
-4490.462857282441
-4225.256234444369
-4273.751674838828
-4155.173723580437
-3881.095729217945
-3405.2723685995497
-3519.0994985085676
-2617.1959713095
-2672.149331197089
-5063.799370646249
-3791.7709688771283
-3432.241362122715
-3318.002562088938
-3445.3115181285502
-3134.978575353711
-3348.5354850348176
-3213.021359360877
-2535.2758258263707
-1652.7616957946352
-1373.91949509513
-1559.4686063094734
-1142.218784909765
-1383.5173025592553
-1505.0369685998955
-1489.3135824964702
-2569.7949818451325
-1998.6392851830337
-1499.61533372429
-401.7006156887432
-546.4621217336937
-638.7402519657244
-1488.712235866449
-872.0359310115347
-752.6126272682852
-1177.389552518629
-974.3595610475711
-1017.6371585695491
-475.2475137064161
-542.05835218935
-104.00436421061332
-118.62978421073387
-106.17765456253436
-132.04027905162565
-137.26498129201224
-245.80733495977398
-196.46363057977067
-572.1367015896567
-483.66496768899947
-528.103940872629
-80.21727725542074
-204.83011079361566
-442.81775807052315
-388.2024854146287
-512.0836098459083
-633.6377090382398
-635.9391974812536
-407.59563982617703
-163.37432257943064
-305.5700289398864
-420.7843800765674
-329.24387166709903
-374.6791570533933
-396.08979885755696
-1081.4311972869045
-714.5741371734101
-1671.2254082877112
-1138.537610314861
-524.1093023708227
-272.0326788434957
-498.31237550003533
-994.6294452841976
-587.9310352990799
-399.50332779190336
-242.13634819467515
-114.5767926382621
-288.7713144174978
-373.4723392967245
-748.6155565456712
-571.6466616646
-703.4138383783271
-636.94441064674
-842.0526723397908
-837.6148813606402
-1027.2176511786865
-1181.770232673891
-1020.6939671563637
-695.7688717047986
-483.60688357314064
-459.6448816377115
-853.036552044271
-938.3637080881309
-917.6839952700202
-907.3090100887839
-673.0824565526513
-1250.2754827885371
-1260.2494461813528
-1264.3374399384163
-1193.840793460523
-1182.3658883993173
-1140.0004302038583
-1866.6305361955433
-1858.7887226376824
-1515.7822844649988
-1666.086191742552
-2383.462754282637
-2314.6414668028387
-2309.8774539770147
-2701.8677856120844
-2453.5316718382187
-2303.631010131741
-2073.12512838345
-3527.363006183469
-3650.7278199164593
-3552.281057215343
-3567.2333324333476
-3338.9793548072835
-3132.649302551188
-2721.440489768089
-3322.6982435201858
-3137.0296928097255
-3494.2638146989593
