-4418.376425271608
-4224.756821622369
-3825.2024192264244
-3635.0748354430634
-4168.932571782162
-3989.207173555419
-4013.5016682814935
-4000.092088606216
-3615.2752366249383
-3404.446313400505
-3316.655001848666
-2434.1003434711565
-2315.0654710866515
-4284.766486141351
-3465.037689334117
-3135.4191960096505
-3142.0796503317006
-3213.457299962759
-2986.7594161322463
-3160.7012698579983
-3040.6787329935996
-2249.8520957363357
-1527.7802367790498
-1032.780439674275
-1513.249789184596
-966.2344847686272
-1177.7215590987928
-1338.5003956974622
-1310.3299844151816
-2233.692742702196
-1854.3849455202242
-1382.901272909502
-221.09870143099948
-344.046494089697
-499.9414166909508
-1370.741187478409
-683.061957190202
-541.4834629048055
-1047.8085206818416
-798.5475909082559
-781.1291322453109
-276.956237899311
-384.58142711647696
106.18659079157277
76.4553164070711
88.02423397138185
49.527337211635576
115.31366809397724
-20.269065591647504
21.07765314056656
-358.2131556559723
-271.50050116911177
-257.38645025178016
205.17902115870024
92.51447407598114
-164.69688279917267
-131.77575553673057
-213.4789265107848
-446.0523720647974
-415.73916570223
-169.10925181099134
69.46193125523367
-87.8713820453994
-181.6793208475829
-121.25758358178008
-104.7000744678521
-151.3713187384476
-844.2322596930353
-572.034922899767
-1335.735426754624
-799.0244111284904
-332.67034571189055
-30.1218632051924
-276.2513168123194
-813.0949520705378
-397.09533943566237
-176.32121631254356
-28.351722366704877
109.62747589714418
-51.38630022332531
-168.55440125563797
-550.2022138912151
-378.1128394079173
-562.4515461265706
-464.0487047819891
-643.5175853665907
-557.7929825912106
-800.5694425684605
-1042.8007204084724
-787.8894606004789
-484.0522006715924
-384.7914376952125
-248.4603239143134
-699.9890248872349
-726.1758530507072
-740.7783145399477
-698.465350645919
-556.9181277697041
-1026.2994651987137
-1149.6612866044466
-1049.8906498548972
-993.1938136376027
-1004.7952906810987
-924.7927781557275
-1694.4883604746524
-1787.5035638357915
-1324.5673629485702
-1507.854934747482
-2223.6711552567
-2105.6755537888357
-2142.524365488402
-2543.4087008557754
-2299.6964055091016
-2158.2438398945114
-1968.3075120950214
-3333.2104353324953
-3448.6887139681135
-3478.2929069642455
-3256.322631983249
-3352.0213431857483
-3228.8439503413647
-2618.277106469656
-3186.7345868448733
-2960.3815183068514
-3460.835139574307
