Instances 0: 21-Jul-10
1.0 -1.0 1.0 -1.0 1.0
1.0 -1.0 0.0 -1.0 1.0
1.0 -1.0 0.0 -1.0 1.0
1.0 -1.0 0.0 -1.0 1.0
1.0 -1.0 0.0 -1.0 1.0
1.0 -1.0 0.0 -1.0 1.0
1.0 -1.0 0.0 -1.0 1.0
1.0 -1.0 0.0 -1.0 1.0
1.0 -1.0 0.0 -1.0 1.0
1.0 -1.0 0.0 -1.0 1.0
1.0 -1.0 0.0 -1.0 1.0
1.0 -1.0 0.0 -1.0 1.0
1.0 -1.0 0.0 -1.0 1.0
1.0 -1.0 0.0 -1.0 1.0
1.0 -1.0 0.0 -1.0 1.0
1.0 -1.0 0.0 -1.0 1.0
1.0 -1.0 -1.0 -1.0 1.0
1.0 -1.0 -1.0 -1.0 1.0
1.0 -1.0 -1.0 -1.0 1.0
1.0 -1.0 -1.0 -1.0 1.0
1.0 -1.0 -1.0 -1.0 1.0
1.0 -1.0 -1.0 -1.0 1.0
1.0 -1.0 -1.0 -1.0 1.0
1.0 -1.0 0.0 -1.0 1.0
Fitness: -4191.201010905888
Instances 1: 22-Jul-10
1.0 -1.0 1.0 -1.0 1.0
1.0 -1.0 0.0 -1.0 1.0
1.0 -1.0 0.0 -1.0 1.0
1.0 -1.0 0.0 -1.0 1.0
1.0 -1.0 0.0 -1.0 1.0
1.0 -1.0 0.0 -1.0 1.0
1.0 -1.0 0.0 -1.0 1.0
1.0 -1.0 0.0 -1.0 1.0
1.0 -1.0 0.0 -1.0 1.0
1.0 -1.0 0.0 -1.0 1.0
1.0 -1.0 0.0 -1.0 1.0
1.0 -1.0 0.0 -1.0 1.0
1.0 -1.0 0.0 -1.0 1.0
1.0 -1.0 0.0 -1.0 1.0
1.0 -1.0 0.0 -1.0 1.0
1.0 -1.0 -1.0 -1.0 1.0
1.0 -1.0 -1.0 -1.0 1.0
1.0 -1.0 -1.0 -1.0 1.0
1.0 -1.0 -1.0 -1.0 1.0
1.0 -1.0 -1.0 -1.0 1.0
1.0 -1.0 -1.0 -1.0 1.0
1.0 -1.0 -1.0 -1.0 1.0
1.0 -1.0 -1.0 -1.0 1.0
1.0 -1.0 0.0 -1.0 1.0
Fitness: -4094.1816249343346
Instances 2: 23-Jul-10
1.0 -1.0 1.0 -1.0 1.0
1.0 -1.0 0.0 -1.0 1.0
1.0 -1.0 0.0 -1.0 1.0
1.0 -1.0 0.0 -1.0 1.0
1.0 -1.0 0.0 -1.0 1.0
1.0 -1.0 0.0 -1.0 1.0
1.0 -1.0 0.0 -1.0 1.0
1.0 -1.0 0.0 -1.0 1.0
1.0 -1.0 0.0 -1.0 1.0
1.0 -1.0 0.0 -1.0 1.0
1.0 -1.0 0.0 -1.0 1.0
1.0 -1.0 0.0 -1.0 1.0
1.0 -1.0 0.0 -1.0 1.0
1.0 -1.0 0.0 -1.0 1.0
1.0 -1.0 0.0 -1.0 1.0
1.0 -1.0 -1.0 -1.0 1.0
1.0 -1.0 -1.0 -1.0 1.0
1.0 -1.0 -1.0 -1.0 1.0
1.0 -1.0 -1.0 -1.0 1.0
1.0 -1.0 -1.0 -1.0 1.0
1.0 -1.0 -1.0 -1.0 1.0
1.0 -1.0 -1.0 -1.0 1.0
1.0 -1.0 -1.0 -1.0 1.0
1.0 -1.0 0.0 -1.0 1.0
Fitness: -3540.10536816856
Instances 3: 24-Jul-10
1.0 -1.0 1.0 -1.0 1.0
1.0 -1.0 0.0 -1.0 1.0
1.0 -1.0 0.0 -1.0 1.0
1.0 -1.0 0.0 -1.0 1.0
1.0 -1.0 0.0 -1.0 1.0
1.0 -1.0 0.0 -1.0 1.0
1.0 -1.0 0.0 -1.0 1.0
1.0 -1.0 0.0 -1.0 1.0
1.0 -1.0 0.0 -1.0 1.0
1.0 -1.0 0.0 -1.0 1.0
1.0 -1.0 0.0 -1.0 1.0
1.0 -1.0 0.0 -1.0 1.0
1.0 -1.0 0.0 -1.0 1.0
1.0 -1.0 0.0 -1.0 1.0
1.0 -1.0 0.0 -1.0 1.0
1.0 -1.0 0.0 -1.0 1.0
1.0 -1.0 -1.0 -1.0 1.0
1.0 -1.0 -1.0 -1.0 1.0
1.0 -1.0 -1.0 -1.0 1.0
1.0 -1.0 -1.0 -1.0 1.0
1.0 -1.0 -1.0 -1.0 1.0
1.0 -1.0 -1.0 -1.0 1.0
1.0 -1.0 -1.0 -1.0 1.0
1.0 -1.0 0.0 -1.0 1.0
Fitness: -3373.1319637075917
Instances 4: 25-Jul-10
1.0 -1.0 1.0 -1.0 1.0
1.0 -1.0 0.0 -1.0 1.0
1.0 -1.0 0.0 -1.0 1.0
1.0 -1.0 0.0 -1.0 1.0
1.0 -1.0 0.0 -1.0 1.0
1.0 -1.0 0.0 -1.0 1.0
1.0 -1.0 0.0 -1.0 1.0
1.0 -1.0 0.0 -1.0 1.0
1.0 -1.0 0.0 -1.0 1.0
1.0 -1.0 0.0 -1.0 1.0
1.0 -1.0 0.0 -1.0 1.0
1.0 -1.0 0.0 -1.0 1.0
1.0 -1.0 0.0 -1.0 1.0
1.0 -1.0 0.0 -1.0 1.0
1.0 -1.0 0.0 -1.0 1.0
1.0 -1.0 -1.0 -1.0 1.0
1.0 -1.0 -1.0 -1.0 1.0
1.0 -1.0 -1.0 -1.0 1.0
1.0 -1.0 -1.0 -1.0 1.0
1.0 -1.0 -1.0 -1.0 1.0
1.0 -1.0 -1.0 -1.0 1.0
1.0 -1.0 -1.0 -1.0 1.0
1.0 -1.0 -1.0 -1.0 1.0
1.0 -1.0 0.0 -1.0 1.0
Fitness: -3985.6692930089876
Instances 5: 26-Jul-10
1.0 -1.0 0.0 -1.0 1.0
1.0 -1.0 0.0 -1.0 1.0
1.0 -1.0 0.0 -1.0 1.0
1.0 -1.0 0.0 -1.0 1.0
1.0 -1.0 0.0 -1.0 1.0
1.0 -1.0 0.0 -1.0 1.0
1.0 -1.0 0.0 -1.0 1.0
1.0 -1.0 0.0 -1.0 1.0
1.0 -1.0 0.0 -1.0 1.0
1.0 -1.0 0.0 -1.0 1.0
1.0 -1.0 0.0 -1.0 1.0
1.0 -1.0 0.0 -1.0 1.0
1.0 -1.0 0.0 -1.0 1.0
1.0 -1.0 0.0 -1.0 1.0
1.0 -1.0 0.0 -1.0 1.0
1.0 -1.0 0.0 -1.0 1.0
1.0 -1.0 -1.0 -1.0 1.0
1.0 -1.0 -1.0 -1.0 1.0
1.0 -1.0 -1.0 -1.0 1.0
1.0 -1.0 -1.0 -1.0 1.0
1.0 -1.0 -1.0 -1.0 1.0
1.0 -1.0 -1.0 -1.0 1.0
1.0 -1.0 -1.0 -1.0 1.0
1.0 -1.0 0.0 -1.0 1.0
Fitness: -3866.953562200793
Instances 6: 27-Jul-10
1.0 -1.0 1.0 -1.0 1.0
1.0 -1.0 0.0 -1.0 1.0
1.0 -1.0 0.0 -1.0 1.0
1.0 -1.0 0.0 -1.0 1.0
1.0 -1.0 0.0 -1.0 1.0
1.0 -1.0 0.0 -1.0 1.0
1.0 -1.0 0.0 -1.0 1.0
1.0 -1.0 0.0 -1.0 1.0
1.0 -1.0 0.0 -1.0 1.0
1.0 -1.0 0.0 -1.0 1.0
1.0 -1.0 0.0 -1.0 1.0
1.0 -1.0 0.0 -1.0 1.0
1.0 -1.0 0.0 -1.0 1.0
1.0 -1.0 0.0 -1.0 1.0
1.0 -1.0 0.0 -1.0 1.0
1.0 -1.0 0.0 -1.0 1.0
1.0 -1.0 -1.0 -1.0 1.0
1.0 -1.0 -1.0 -1.0 1.0
1.0 -1.0 -1.0 -1.0 1.0
1.0 -1.0 -1.0 -1.0 1.0
1.0 -1.0 -1.0 -1.0 1.0
1.0 -1.0 -1.0 -1.0 1.0
1.0 -1.0 -1.0 -1.0 1.0
1.0 -1.0 0.0 -1.0 1.0
Fitness: -3885.182222621164
Instances 7: 28-Jul-10
1.0 -1.0 0.0 -1.0 1.0
1.0 -1.0 0.0 -1.0 1.0
1.0 -1.0 0.0 -1.0 1.0
1.0 -1.0 0.0 -1.0 1.0
1.0 -1.0 0.0 -1.0 1.0
1.0 -1.0 0.0 -1.0 1.0
1.0 -1.0 0.0 -1.0 1.0
1.0 -1.0 0.0 -1.0 1.0
1.0 -1.0 0.0 -1.0 1.0
1.0 -1.0 0.0 -1.0 1.0
1.0 -1.0 0.0 -1.0 1.0
1.0 -1.0 0.0 -1.0 1.0
1.0 -1.0 0.0 -1.0 1.0
1.0 -1.0 0.0 -1.0 1.0
1.0 -1.0 0.0 -1.0 1.0
1.0 -1.0 0.0 -1.0 1.0
1.0 -1.0 -1.0 -1.0 1.0
1.0 -1.0 -1.0 -1.0 1.0
1.0 -1.0 -1.0 -1.0 1.0
1.0 -1.0 -1.0 -1.0 1.0
1.0 -1.0 -1.0 -1.0 1.0
1.0 -1.0 -1.0 -1.0 1.0
1.0 -1.0 -1.0 -1.0 1.0
1.0 -1.0 0.0 -1.0 1.0
Fitness: -3868.7086377655014
Instances 8: 29-Jul-10
1.0 -1.0 0.0 -1.0 1.0
1.0 -1.0 0.0 -1.0 1.0
1.0 -1.0 0.0 -1.0 1.0
1.0 -1.0 0.0 -1.0 1.0
1.0 -1.0 0.0 -1.0 1.0
1.0 -1.0 0.0 -1.0 1.0
1.0 -1.0 0.0 -1.0 1.0
1.0 -1.0 0.0 -1.0 1.0
1.0 -1.0 0.0 -1.0 1.0
1.0 -1.0 0.0 -1.0 1.0
1.0 -1.0 0.0 -1.0 1.0
1.0 -1.0 0.0 -1.0 1.0
1.0 -1.0 0.0 -1.0 1.0
1.0 -1.0 0.0 -1.0 1.0
1.0 -1.0 0.0 -1.0 1.0
1.0 -1.0 0.0 -1.0 1.0
1.0 -1.0 -1.0 -1.0 1.0
1.0 -1.0 -1.0 -1.0 1.0
1.0 -1.0 -1.0 -1.0 1.0
1.0 -1.0 -1.0 -1.0 1.0
1.0 -1.0 -1.0 -1.0 1.0
1.0 -1.0 -1.0 -1.0 1.0
1.0 -1.0 -1.0 -1.0 1.0
1.0 -1.0 0.0 -1.0 1.0
Fitness: -3492.475268201291
Instances 9: 30-Jul-10
1.0 -1.0 0.0 -1.0 1.0
1.0 -1.0 0.0 -1.0 1.0
1.0 -1.0 0.0 -1.0 1.0
1.0 -1.0 0.0 -1.0 1.0
1.0 -1.0 0.0 -1.0 1.0
1.0 -1.0 0.0 -1.0 1.0
1.0 -1.0 0.0 -1.0 1.0
1.0 -1.0 0.0 -1.0 1.0
1.0 -1.0 0.0 -1.0 1.0
1.0 -1.0 0.0 -1.0 1.0
1.0 -1.0 0.0 -1.0 1.0
1.0 -1.0 0.0 -1.0 1.0
1.0 -1.0 0.0 -1.0 1.0
1.0 -1.0 0.0 -1.0 1.0
1.0 -1.0 0.0 -1.0 1.0
1.0 -1.0 0.0 -1.0 1.0
1.0 -1.0 -1.0 -1.0 1.0
1.0 -1.0 -1.0 -1.0 1.0
1.0 -1.0 -1.0 -1.0 1.0
1.0 -1.0 -1.0 -1.0 1.0
1.0 -1.0 -1.0 -1.0 1.0
1.0 -1.0 -1.0 -1.0 1.0
1.0 -1.0 0.0 -1.0 1.0
1.0 -1.0 0.0 -1.0 1.0
Fitness: -3048.634130851492
Instances 10: 31-Jul-10
1.0 -1.0 0.0 -1.0 1.0
1.0 -1.0 0.0 -1.0 1.0
1.0 -1.0 0.0 -1.0 1.0
1.0 -1.0 0.0 -1.0 1.0
1.0 -1.0 0.0 -1.0 1.0
1.0 -1.0 0.0 -1.0 1.0
1.0 -1.0 0.0 -1.0 1.0
1.0 -1.0 0.0 -1.0 1.0
1.0 -1.0 0.0 -1.0 1.0
1.0 -1.0 0.0 -1.0 1.0
1.0 -1.0 0.0 -1.0 1.0
1.0 -1.0 0.0 -1.0 1.0
1.0 -1.0 0.0 -1.0 1.0
1.0 -1.0 0.0 -1.0 1.0
1.0 -1.0 0.0 -1.0 1.0
1.0 -1.0 0.0 -1.0 1.0
1.0 -1.0 0.0 -1.0 1.0
1.0 -1.0 -1.0 -1.0 1.0
1.0 -1.0 -1.0 -1.0 1.0
1.0 -1.0 -1.0 -1.0 1.0
1.0 -1.0 -1.0 -1.0 1.0
1.0 -1.0 -1.0 -1.0 1.0
1.0 -1.0 0.0 -1.0 1.0
1.0 -1.0 0.0 -1.0 1.0
Fitness: -3124.6184128218724
Instances 11: 21-Aug-10
1.0 -1.0 0.0 -1.0 1.0
1.0 -1.0 0.0 -1.0 1.0
1.0 -1.0 0.0 -1.0 1.0
1.0 -1.0 0.0 -1.0 1.0
1.0 -1.0 0.0 -1.0 1.0
1.0 -1.0 0.0 -1.0 1.0
1.0 -1.0 0.0 -1.0 1.0
1.0 -1.0 0.0 -1.0 1.0
1.0 -1.0 0.0 -1.0 1.0
1.0 -1.0 0.0 -1.0 1.0
1.0 -1.0 0.0 -1.0 1.0
1.0 -1.0 0.0 -1.0 1.0
1.0 -1.0 0.0 -1.0 1.0
1.0 -1.0 0.0 -1.0 1.0
1.0 -1.0 0.0 -1.0 1.0
1.0 -1.0 0.0 -1.0 1.0
1.0 -1.0 -1.0 -1.0 1.0
1.0 -1.0 -1.0 -1.0 1.0
1.0 -1.0 -1.0 -1.0 1.0
1.0 -1.0 -1.0 -1.0 1.0
1.0 -1.0 -1.0 -1.0 1.0
1.0 -1.0 -1.0 -1.0 1.0
1.0 -1.0 -1.0 -1.0 1.0
1.0 -1.0 0.0 -1.0 1.0
Fitness: -2298.80544843959
Instances 12: 22-Aug-10
1.0 -1.0 1.0 -1.0 1.0
1.0 -1.0 0.0 -1.0 1.0
1.0 -1.0 0.0 -1.0 1.0
1.0 -1.0 0.0 -1.0 1.0
1.0 -1.0 0.0 -1.0 1.0
1.0 -1.0 0.0 -1.0 1.0
1.0 -1.0 0.0 -1.0 1.0
1.0 -1.0 0.0 -1.0 1.0
1.0 -1.0 0.0 -1.0 1.0
1.0 -1.0 0.0 -1.0 1.0
1.0 -1.0 0.0 -1.0 1.0
1.0 -1.0 0.0 -1.0 1.0
1.0 -1.0 0.0 -1.0 1.0
1.0 -1.0 0.0 -1.0 1.0
1.0 -1.0 0.0 -1.0 1.0
1.0 -1.0 0.0 -1.0 1.0
1.0 -1.0 -1.0 -1.0 1.0
1.0 -1.0 -1.0 -1.0 1.0
1.0 -1.0 -1.0 -1.0 1.0
1.0 -1.0 -1.0 -1.0 1.0
1.0 -1.0 -1.0 -1.0 1.0
1.0 -1.0 -1.0 -1.0 1.0
1.0 -1.0 -1.0 -1.0 1.0
1.0 -1.0 0.0 -1.0 1.0
Fitness: -2174.44958971772
Instances 13: 23-Aug-10
1.0 -1.0 1.0 -1.0 1.0
1.0 -1.0 0.0 -1.0 1.0
1.0 -1.0 0.0 -1.0 1.0
1.0 -1.0 0.0 -1.0 1.0
1.0 -1.0 0.0 -1.0 1.0
1.0 -1.0 0.0 -1.0 1.0
1.0 -1.0 0.0 -1.0 1.0
1.0 -1.0 0.0 -1.0 1.0
1.0 -1.0 0.0 -1.0 1.0
1.0 -1.0 0.0 -1.0 1.0
1.0 -1.0 0.0 -1.0 1.0
1.0 -1.0 0.0 -1.0 1.0
1.0 -1.0 0.0 -1.0 1.0
1.0 -1.0 0.0 -1.0 1.0
1.0 -1.0 0.0 -1.0 1.0
1.0 -1.0 -1.0 -1.0 1.0
1.0 -1.0 -1.0 -1.0 1.0
1.0 -1.0 -1.0 -1.0 1.0
1.0 -1.0 -1.0 -1.0 1.0
1.0 -1.0 -1.0 -1.0 1.0
1.0 -1.0 -1.0 -1.0 1.0
1.0 -1.0 -1.0 -1.0 1.0
1.0 -1.0 -1.0 -1.0 1.0
1.0 -1.0 0.0 -1.0 1.0
Fitness: -4119.8129306486535
Instances 14: 24-Aug-10
1.0 -1.0 1.0 -1.0 1.0
1.0 -1.0 0.0 -1.0 1.0
1.0 -1.0 0.0 -1.0 1.0
1.0 -1.0 0.0 -1.0 1.0
1.0 -1.0 0.0 -1.0 1.0
1.0 -1.0 0.0 -1.0 1.0
1.0 -1.0 0.0 -1.0 1.0
1.0 -1.0 0.0 -1.0 1.0
1.0 -1.0 0.0 -1.0 1.0
1.0 -1.0 0.0 -1.0 1.0
1.0 -1.0 0.0 -1.0 1.0
1.0 -1.0 0.0 -1.0 1.0
1.0 -1.0 0.0 -1.0 1.0
1.0 -1.0 0.0 -1.0 1.0
1.0 -1.0 0.0 -1.0 1.0
1.0 -1.0 0.0 -1.0 1.0
1.0 -1.0 -1.0 -1.0 1.0
1.0 -1.0 -1.0 -1.0 1.0
1.0 -1.0 -1.0 -1.0 1.0
1.0 -1.0 -1.0 -1.0 1.0
1.0 -1.0 -1.0 -1.0 1.0
1.0 -1.0 -1.0 -1.0 1.0
1.0 -1.0 0.0 -1.0 1.0
1.0 -1.0 0.0 -1.0 1.0
Fitness: -3339.9672321942458
Instances 15: 25-Aug-10
1.0 -1.0 1.0 -1.0 1.0
1.0 -1.0 0.0 -1.0 1.0
1.0 -1.0 0.0 -1.0 1.0
1.0 -1.0 0.0 -1.0 1.0
1.0 -1.0 0.0 -1.0 1.0
1.0 -1.0 0.0 -1.0 1.0
1.0 -1.0 0.0 -1.0 1.0
1.0 -1.0 0.0 -1.0 1.0
1.0 -1.0 0.0 -1.0 1.0
1.0 -1.0 0.0 -1.0 1.0
1.0 -1.0 0.0 -1.0 1.0
1.0 -1.0 0.0 -1.0 1.0
1.0 -1.0 0.0 -1.0 1.0
1.0 -1.0 0.0 -1.0 1.0
1.0 -1.0 0.0 -1.0 1.0
1.0 -1.0 0.0 -1.0 1.0
1.0 -1.0 -1.0 -1.0 1.0
1.0 -1.0 -1.0 -1.0 1.0
1.0 -1.0 -1.0 -1.0 1.0
1.0 -1.0 -1.0 -1.0 1.0
1.0 -1.0 -1.0 -1.0 1.0
1.0 -1.0 -1.0 -1.0 1.0
1.0 -1.0 0.0 -1.0 1.0
1.0 -1.0 0.0 -1.0 1.0
Fitness: -3039.996912672638
Instances 16: 26-Aug-10
1.0 -1.0 0.0 -1.0 1.0
1.0 -1.0 0.0 -1.0 1.0
1.0 -1.0 0.0 -1.0 1.0
1.0 -1.0 0.0 -1.0 1.0
1.0 -1.0 0.0 -1.0 1.0
1.0 -1.0 0.0 -1.0 1.0
1.0 -1.0 0.0 -1.0 1.0
1.0 -1.0 0.0 -1.0 1.0
1.0 -1.0 0.0 -1.0 1.0
1.0 -1.0 0.0 -1.0 1.0
1.0 -1.0 0.0 -1.0 1.0
1.0 -1.0 0.0 -1.0 1.0
1.0 -1.0 0.0 -1.0 1.0
1.0 -1.0 0.0 -1.0 1.0
1.0 -1.0 0.0 -1.0 1.0
1.0 -1.0 0.0 -1.0 1.0
1.0 -1.0 -1.0 -1.0 1.0
1.0 -1.0 -1.0 -1.0 1.0
1.0 -1.0 -1.0 -1.0 1.0
1.0 -1.0 -1.0 -1.0 1.0
1.0 -1.0 -1.0 -1.0 1.0
1.0 -1.0 -1.0 -1.0 1.0
1.0 -1.0 -1.0 -1.0 1.0
1.0 -1.0 0.0 -1.0 1.0
Fitness: -3010.5751941008784
Instances 17: 27-Aug-10
1.0 -1.0 1.0 -1.0 1.0
1.0 -1.0 0.0 -1.0 1.0
1.0 -1.0 0.0 -1.0 1.0
1.0 -1.0 0.0 -1.0 1.0
1.0 -1.0 0.0 -1.0 1.0
1.0 -1.0 0.0 -1.0 1.0
1.0 -1.0 0.0 -1.0 1.0
1.0 -1.0 0.0 -1.0 1.0
1.0 -1.0 0.0 -1.0 1.0
1.0 -1.0 0.0 -1.0 1.0
1.0 -1.0 0.0 -1.0 1.0
1.0 -1.0 0.0 -1.0 1.0
1.0 -1.0 0.0 -1.0 1.0
1.0 -1.0 0.0 -1.0 1.0
1.0 -1.0 0.0 -1.0 1.0
1.0 -1.0 0.0 -1.0 1.0
1.0 -1.0 -1.0 -1.0 1.0
1.0 -1.0 -1.0 -1.0 1.0
1.0 -1.0 -1.0 -1.0 1.0
1.0 -1.0 -1.0 -1.0 1.0
1.0 -1.0 -1.0 -1.0 1.0
1.0 -1.0 -1.0 -1.0 1.0
1.0 -1.0 -1.0 -1.0 1.0
1.0 -1.0 0.0 -1.0 1.0
Fitness: -3079.439644729218
Instances 18: 28-Aug-10
1.0 -1.0 1.0 -1.0 1.0
1.0 -1.0 0.0 -1.0 1.0
1.0 -1.0 0.0 -1.0 1.0
1.0 -1.0 0.0 -1.0 1.0
1.0 -1.0 0.0 -1.0 1.0
1.0 -1.0 0.0 -1.0 1.0
1.0 -1.0 0.0 -1.0 1.0
1.0 -1.0 0.0 -1.0 1.0
1.0 -1.0 0.0 -1.0 1.0
1.0 -1.0 0.0 -1.0 1.0
1.0 -1.0 0.0 -1.0 1.0
1.0 -1.0 0.0 -1.0 1.0
1.0 -1.0 0.0 -1.0 1.0
1.0 -1.0 0.0 -1.0 1.0
1.0 -1.0 0.0 -1.0 1.0
1.0 -1.0 0.0 -1.0 1.0
1.0 -1.0 -1.0 -1.0 1.0
1.0 -1.0 -1.0 -1.0 1.0
1.0 -1.0 -1.0 -1.0 1.0
1.0 -1.0 -1.0 -1.0 1.0
1.0 -1.0 -1.0 -1.0 1.0
1.0 -1.0 -1.0 -1.0 1.0
1.0 -1.0 -1.0 -1.0 1.0
1.0 -1.0 0.0 -1.0 1.0
Fitness: -2797.501585048843
Instances 19: 29-Aug-10
1.0 -1.0 1.0 -1.0 1.0
1.0 -1.0 0.0 -1.0 1.0
1.0 -1.0 0.0 -1.0 1.0
1.0 -1.0 0.0 -1.0 1.0
1.0 -1.0 0.0 -1.0 1.0
1.0 -1.0 0.0 -1.0 1.0
1.0 -1.0 0.0 -1.0 1.0
1.0 -1.0 0.0 -1.0 1.0
1.0 -1.0 0.0 -1.0 1.0
1.0 -1.0 0.0 -1.0 1.0
1.0 -1.0 0.0 -1.0 1.0
1.0 -1.0 0.0 -1.0 1.0
1.0 -1.0 0.0 -1.0 1.0
1.0 -1.0 0.0 -1.0 1.0
1.0 -1.0 0.0 -1.0 1.0
1.0 -1.0 0.0 -1.0 1.0
1.0 -1.0 -1.0 -1.0 1.0
1.0 -1.0 -1.0 -1.0 1.0
1.0 -1.0 -1.0 -1.0 1.0
1.0 -1.0 -1.0 -1.0 1.0
1.0 -1.0 -1.0 -1.0 1.0
1.0 -1.0 -1.0 -1.0 1.0
1.0 -1.0 0.0 -1.0 1.0
1.0 -1.0 0.0 -1.0 1.0
Fitness: -2999.5050668401664
Instances 20: 30-Aug-10
1.0 -1.0 0.0 -1.0 1.0
1.0 -1.0 0.0 -1.0 1.0
1.0 -1.0 0.0 -1.0 1.0
1.0 -1.0 0.0 -1.0 1.0
1.0 -1.0 0.0 -1.0 1.0
1.0 -1.0 0.0 -1.0 1.0
1.0 -1.0 0.0 -1.0 1.0
1.0 -1.0 0.0 -1.0 1.0
1.0 -1.0 0.0 -1.0 1.0
1.0 -1.0 0.0 -1.0 1.0
1.0 -1.0 0.0 -1.0 1.0
1.0 -1.0 0.0 -1.0 1.0
1.0 -1.0 0.0 -1.0 1.0
1.0 -1.0 0.0 -1.0 1.0
1.0 -1.0 0.0 -1.0 1.0
1.0 -1.0 0.0 -1.0 1.0
1.0 -1.0 0.0 -1.0 1.0
1.0 -1.0 -1.0 -1.0 1.0
1.0 -1.0 -1.0 -1.0 1.0
1.0 -1.0 -1.0 -1.0 1.0
1.0 -1.0 -1.0 -1.0 1.0
1.0 -1.0 -1.0 -1.0 1.0
1.0 -1.0 0.0 -1.0 1.0
1.0 -1.0 0.0 -1.0 1.0
Fitness: -2888.4496856577157
Instances 21: 31-Aug-10
1.0 -1.0 0.0 -1.0 1.0
1.0 -1.0 0.0 -1.0 1.0
1.0 -1.0 0.0 -1.0 1.0
1.0 -1.0 0.0 -1.0 1.0
1.0 -1.0 0.0 -1.0 1.0
1.0 -1.0 0.0 -1.0 1.0
1.0 -1.0 0.0 -1.0 1.0
1.0 -1.0 0.0 -1.0 1.0
1.0 -1.0 0.0 -1.0 1.0
1.0 -1.0 0.0 -1.0 1.0
1.0 -1.0 0.0 -1.0 1.0
1.0 -1.0 0.0 -1.0 1.0
1.0 -1.0 0.0 -1.0 1.0
1.0 -1.0 0.0 -1.0 1.0
1.0 -1.0 0.0 -1.0 1.0
1.0 -1.0 0.0 -1.0 1.0
1.0 -1.0 0.0 -1.0 1.0
1.0 -1.0 -1.0 -1.0 1.0
1.0 -1.0 -1.0 -1.0 1.0
1.0 -1.0 -1.0 -1.0 1.0
1.0 -1.0 -1.0 -1.0 1.0
1.0 -1.0 -1.0 -1.0 1.0
1.0 -1.0 0.0 -1.0 1.0
1.0 -1.0 0.0 -1.0 1.0
Fitness: -2160.491499842595
Instances 22: 21-Sep-10
1.0 -1.0 0.0 -1.0 1.0
1.0 -1.0 0.0 -1.0 1.0
1.0 -1.0 0.0 -1.0 1.0
1.0 -1.0 0.0 -1.0 1.0
1.0 -1.0 0.0 -1.0 1.0
1.0 -1.0 0.0 -1.0 1.0
1.0 -1.0 0.0 -1.0 1.0
1.0 -1.0 0.0 -1.0 1.0
1.0 -1.0 0.0 -1.0 1.0
1.0 -1.0 0.0 -1.0 1.0
1.0 -1.0 0.0 -1.0 1.0
1.0 -1.0 0.0 -1.0 1.0
1.0 -1.0 0.0 -1.0 1.0
1.0 -1.0 0.0 -1.0 1.0
1.0 -1.0 0.0 -1.0 1.0
1.0 -1.0 0.0 -1.0 1.0
1.0 -1.0 0.0 -1.0 1.0
1.0 -1.0 -1.0 -1.0 1.0
1.0 -1.0 -1.0 -1.0 1.0
1.0 -1.0 -1.0 -1.0 1.0
1.0 -1.0 -1.0 -1.0 1.0
1.0 -1.0 0.0 -1.0 1.0
1.0 -1.0 0.0 -1.0 1.0
1.0 -1.0 0.0 -1.0 1.0
Fitness: -1410.8367389999999
Instances 23: 22-Sep-10
1.0 -1.0 0.0 -1.0 1.0
1.0 -1.0 0.0 -1.0 1.0
1.0 -1.0 0.0 -1.0 1.0
1.0 -1.0 0.0 -1.0 1.0
1.0 -1.0 0.0 -1.0 1.0
1.0 -1.0 0.0 -1.0 1.0
1.0 -1.0 0.0 -1.0 1.0
1.0 -1.0 0.0 -1.0 1.0
1.0 -1.0 0.0 -1.0 1.0
1.0 -1.0 0.0 -1.0 1.0
1.0 -1.0 0.0 -1.0 1.0
1.0 -1.0 0.0 -1.0 1.0
1.0 -1.0 0.0 -1.0 1.0
1.0 -1.0 0.0 -1.0 1.0
1.0 -1.0 0.0 -1.0 1.0
1.0 -1.0 0.0 -1.0 1.0
1.0 -1.0 0.0 -1.0 1.0
1.0 -1.0 -1.0 -1.0 1.0
1.0 -1.0 -1.0 -1.0 1.0
1.0 -1.0 -1.0 -1.0 1.0
1.0 -1.0 0.0 -1.0 1.0
1.0 -1.0 0.0 -1.0 1.0
1.0 -1.0 0.0 -1.0 1.0
1.0 -1.0 0.0 -1.0 1.0
Fitness: -952.92560788
Instances 24: 23-Sep-10
1.0 -1.0 0.0 -1.0 1.0
1.0 -1.0 0.0 -1.0 1.0
1.0 -1.0 0.0 -1.0 1.0
1.0 -1.0 0.0 -1.0 1.0
1.0 -1.0 0.0 -1.0 1.0
1.0 -1.0 0.0 -1.0 1.0
1.0 -1.0 0.0 -1.0 1.0
1.0 -1.0 0.0 -1.0 1.0
1.0 -1.0 0.0 -1.0 1.0
1.0 -1.0 0.0 -1.0 1.0
1.0 -1.0 0.0 -1.0 1.0
1.0 -1.0 0.0 -1.0 1.0
1.0 -1.0 0.0 -1.0 1.0
1.0 -1.0 0.0 -1.0 1.0
1.0 -1.0 0.0 -1.0 1.0
1.0 -1.0 0.0 -1.0 1.0
1.0 -1.0 0.0 -1.0 1.0
1.0 -1.0 -1.0 -1.0 1.0
1.0 -1.0 -1.0 -1.0 1.0
1.0 -1.0 -1.0 -1.0 1.0
1.0 -1.0 0.0 -1.0 1.0
1.0 -1.0 -1.0 -1.0 1.0
1.0 -1.0 0.0 -1.0 1.0
1.0 -1.0 0.0 -1.0 1.0
Fitness: -1383.42715114
Instances 25: 24-Sep-10
1.0 -1.0 0.0 -1.0 1.0
1.0 -1.0 0.0 -1.0 1.0
1.0 -1.0 0.0 -1.0 1.0
1.0 -1.0 0.0 -1.0 1.0
1.0 -1.0 0.0 -1.0 1.0
1.0 -1.0 0.0 -1.0 1.0
1.0 -1.0 0.0 -1.0 1.0
1.0 -1.0 0.0 -1.0 1.0
1.0 -1.0 0.0 -1.0 1.0
1.0 -1.0 0.0 -1.0 1.0
1.0 -1.0 0.0 -1.0 1.0
1.0 -1.0 0.0 -1.0 1.0
1.0 -1.0 0.0 -1.0 1.0
1.0 -1.0 0.0 -1.0 1.0
1.0 -1.0 0.0 -1.0 1.0
1.0 -1.0 0.0 -1.0 1.0
1.0 -1.0 0.0 -1.0 1.0
1.0 -1.0 -1.0 -1.0 1.0
1.0 -1.0 -1.0 -1.0 1.0
1.0 -1.0 -1.0 -1.0 1.0
1.0 -1.0 0.0 -1.0 1.0
1.0 -1.0 0.0 -1.0 1.0
1.0 -1.0 0.0 -1.0 1.0
1.0 -1.0 0.0 -1.0 1.0
Fitness: -923.09776828
Instances 26: 25-Sep-10
1.0 -1.0 0.0 -1.0 1.0
1.0 -1.0 0.0 -1.0 1.0
1.0 -1.0 0.0 -1.0 1.0
1.0 -1.0 0.0 -1.0 1.0
1.0 -1.0 0.0 -1.0 1.0
1.0 -1.0 0.0 -1.0 1.0
1.0 -1.0 0.0 -1.0 1.0
1.0 -1.0 0.0 -1.0 1.0
1.0 -1.0 0.0 -1.0 1.0
1.0 -1.0 0.0 -1.0 1.0
1.0 -1.0 0.0 -1.0 1.0
1.0 -1.0 0.0 -1.0 1.0
1.0 -1.0 0.0 -1.0 1.0
1.0 -1.0 0.0 -1.0 1.0
1.0 -1.0 0.0 -1.0 1.0
1.0 -1.0 0.0 -1.0 1.0
1.0 -1.0 0.0 -1.0 1.0
1.0 -1.0 -1.0 -1.0 1.0
1.0 -1.0 -1.0 -1.0 1.0
1.0 -1.0 -1.0 -1.0 1.0
1.0 -1.0 0.0 -1.0 1.0
1.0 -1.0 0.0 -1.0 1.0
1.0 -1.0 0.0 -1.0 1.0
1.0 -1.0 0.0 -1.0 1.0
Fitness: -1116.1393225799998
Instances 27: 26-Sep-10
1.0 -1.0 0.0 -1.0 1.0
1.0 -1.0 0.0 -1.0 1.0
1.0 -1.0 0.0 -1.0 1.0
1.0 -1.0 0.0 -1.0 1.0
1.0 -1.0 0.0 -1.0 1.0
1.0 -1.0 0.0 -1.0 1.0
1.0 -1.0 0.0 -1.0 1.0
1.0 -1.0 0.0 -1.0 1.0
1.0 -1.0 0.0 -1.0 1.0
1.0 -1.0 0.0 -1.0 1.0
1.0 -1.0 0.0 -1.0 1.0
1.0 -1.0 0.0 -1.0 1.0
1.0 -1.0 0.0 -1.0 1.0
1.0 -1.0 0.0 -1.0 1.0
1.0 -1.0 0.0 -1.0 1.0
1.0 -1.0 0.0 -1.0 1.0
1.0 -1.0 0.0 -1.0 1.0
1.0 -1.0 -1.0 -1.0 1.0
1.0 -1.0 -1.0 -1.0 1.0
1.0 -1.0 -1.0 -1.0 1.0
1.0 -1.0 0.0 -1.0 1.0
1.0 -1.0 0.0 -1.0 1.0
1.0 -1.0 0.0 -1.0 1.0
1.0 -1.0 0.0 -1.0 1.0
Fitness: -1267.1058336599997
Instances 28: 27-Sep-10
1.0 -1.0 0.0 -1.0 1.0
1.0 -1.0 0.0 -1.0 1.0
1.0 -1.0 0.0 -1.0 1.0
1.0 -1.0 0.0 -1.0 1.0
1.0 -1.0 0.0 -1.0 1.0
1.0 -1.0 0.0 -1.0 1.0
1.0 -1.0 0.0 -1.0 1.0
1.0 -1.0 0.0 -1.0 1.0
1.0 -1.0 0.0 -1.0 1.0
1.0 -1.0 0.0 -1.0 1.0
1.0 -1.0 0.0 -1.0 1.0
1.0 -1.0 0.0 -1.0 1.0
1.0 -1.0 0.0 -1.0 1.0
1.0 -1.0 0.0 -1.0 1.0
1.0 -1.0 0.0 -1.0 1.0
1.0 -1.0 0.0 -1.0 1.0
1.0 -1.0 0.0 -1.0 1.0
1.0 -1.0 -1.0 -1.0 1.0
1.0 -1.0 -1.0 -1.0 1.0
1.0 -1.0 -1.0 -1.0 1.0
1.0 -1.0 0.0 -1.0 1.0
1.0 -1.0 0.0 -1.0 1.0
1.0 -1.0 0.0 -1.0 1.0
1.0 -1.0 0.0 -1.0 1.0
Fitness: -1251.6931409999997
Instances 29: 28-Sep-10
1.0 -1.0 0.0 -1.0 1.0
1.0 -1.0 0.0 -1.0 1.0
1.0 -1.0 0.0 -1.0 1.0
1.0 -1.0 0.0 -1.0 1.0
1.0 -1.0 0.0 -1.0 1.0
1.0 -1.0 0.0 -1.0 1.0
1.0 -1.0 0.0 -1.0 1.0
1.0 -1.0 0.0 -1.0 1.0
1.0 -1.0 0.0 -1.0 1.0
1.0 -1.0 0.0 -1.0 1.0
1.0 -1.0 0.0 -1.0 1.0
1.0 -1.0 0.0 -1.0 1.0
1.0 -1.0 0.0 -1.0 1.0
1.0 -1.0 0.0 -1.0 1.0
1.0 -1.0 0.0 -1.0 1.0
1.0 -1.0 0.0 -1.0 1.0
1.0 -1.0 0.0 -1.0 1.0
1.0 -1.0 -1.0 -1.0 1.0
1.0 -1.0 -1.0 -1.0 1.0
1.0 -1.0 -1.0 -1.0 1.0
1.0 -1.0 0.0 -1.0 1.0
1.0 -1.0 0.0 -1.0 1.0
1.0 -1.0 0.0 -1.0 1.0
1.0 -1.0 0.0 -1.0 1.0
Fitness: -1942.0105865399994
Instances 30: 29-Sep-10
1.0 -1.0 0.0 -1.0 1.0
1.0 -1.0 0.0 -1.0 1.0
1.0 -1.0 0.0 -1.0 1.0
1.0 -1.0 0.0 -1.0 1.0
1.0 -1.0 0.0 -1.0 1.0
1.0 -1.0 0.0 -1.0 1.0
1.0 -1.0 0.0 -1.0 1.0
1.0 -1.0 0.0 -1.0 1.0
1.0 -1.0 0.0 -1.0 1.0
1.0 -1.0 0.0 -1.0 1.0
1.0 -1.0 0.0 -1.0 1.0
1.0 -1.0 0.0 -1.0 1.0
1.0 -1.0 0.0 -1.0 1.0
1.0 -1.0 0.0 -1.0 1.0
1.0 -1.0 0.0 -1.0 1.0
1.0 -1.0 0.0 -1.0 1.0
1.0 -1.0 0.0 -1.0 1.0
1.0 -1.0 -1.0 -1.0 1.0
1.0 -1.0 -1.0 -1.0 1.0
1.0 -1.0 -1.0 -1.0 1.0
1.0 -1.0 0.0 -1.0 1.0
1.0 -1.0 0.0 -1.0 1.0
1.0 -1.0 0.0 -1.0 1.0
1.0 -1.0 0.0 -1.0 1.0
Fitness: -1754.84632986
Instances 31: 30-Sep-10
1.0 -1.0 0.0 -1.0 1.0
1.0 -1.0 0.0 -1.0 1.0
1.0 -1.0 0.0 -1.0 1.0
1.0 -1.0 0.0 -1.0 1.0
1.0 -1.0 0.0 -1.0 1.0
1.0 -1.0 0.0 -1.0 1.0
1.0 -1.0 0.0 -1.0 1.0
1.0 -1.0 0.0 -1.0 1.0
1.0 -1.0 0.0 -1.0 1.0
1.0 -1.0 0.0 -1.0 1.0
1.0 -1.0 0.0 -1.0 1.0
1.0 -1.0 0.0 -1.0 1.0
1.0 -1.0 0.0 -1.0 1.0
1.0 -1.0 0.0 -1.0 1.0
1.0 -1.0 0.0 -1.0 1.0
1.0 -1.0 0.0 -1.0 1.0
1.0 -1.0 0.0 -1.0 1.0
1.0 -1.0 -1.0 -1.0 1.0
1.0 -1.0 -1.0 -1.0 1.0
1.0 -1.0 -1.0 -1.0 1.0
1.0 -1.0 -1.0 -1.0 1.0
1.0 -1.0 -1.0 -1.0 1.0
1.0 -1.0 0.0 -1.0 1.0
1.0 -1.0 0.0 -1.0 1.0
Fitness: -1243.17086324
Instances 32: 21-Oct-10
1.0 -1.0 0.0 -1.0 1.0
1.0 -1.0 0.0 -1.0 1.0
1.0 -1.0 0.0 -1.0 1.0
1.0 -1.0 0.0 -1.0 1.0
1.0 -1.0 0.0 -1.0 1.0
1.0 -1.0 0.0 -1.0 1.0
1.0 -1.0 0.0 -1.0 1.0
1.0 -1.0 0.0 -1.0 1.0
1.0 -1.0 0.0 -1.0 1.0
1.0 -1.0 0.0 -1.0 1.0
1.0 -1.0 0.0 -1.0 1.0
1.0 -1.0 0.0 -1.0 1.0
1.0 -1.0 0.0 -1.0 1.0
1.0 -1.0 0.0 -1.0 1.0
1.0 -1.0 0.0 -1.0 1.0
1.0 -1.0 0.0 -1.0 1.0
1.0 -1.0 0.0 -1.0 1.0
1.0 -1.0 -1.0 -1.0 1.0
1.0 -1.0 -1.0 -1.0 1.0
1.0 -1.0 -1.0 -1.0 1.0
1.0 -1.0 0.0 -1.0 1.0
1.0 -1.0 0.0 -1.0 1.0
1.0 -1.0 0.0 -1.0 1.0
1.0 -1.0 0.0 -1.0 1.0
Fitness: -120.94720779999994
Instances 33: 22-Oct-10
1.0 -1.0 0.0 -1.0 1.0
1.0 -1.0 0.0 -1.0 1.0
1.0 -1.0 0.0 -1.0 1.0
1.0 -1.0 0.0 -1.0 1.0
1.0 -1.0 0.0 -1.0 1.0
1.0 -1.0 0.0 -1.0 1.0
1.0 -1.0 0.0 -1.0 1.0
1.0 -1.0 0.0 -1.0 1.0
1.0 -1.0 0.0 -1.0 1.0
1.0 -1.0 0.0 -1.0 1.0
1.0 -1.0 0.0 -1.0 1.0
1.0 -1.0 0.0 -1.0 1.0
1.0 -1.0 0.0 -1.0 1.0
1.0 -1.0 0.0 -1.0 1.0
1.0 -1.0 0.0 -1.0 1.0
1.0 -1.0 0.0 -1.0 1.0
1.0 -1.0 0.0 -1.0 1.0
1.0 -1.0 -1.0 -1.0 1.0
1.0 -1.0 -1.0 -1.0 1.0
1.0 -1.0 -1.0 -1.0 1.0
1.0 -1.0 0.0 -1.0 1.0
1.0 -1.0 0.0 -1.0 1.0
1.0 -1.0 0.0 -1.0 1.0
1.0 -1.0 0.0 -1.0 1.0
Fitness: -304.26525172
Instances 34: 23-Oct-10
1.0 -1.0 0.0 -1.0 1.0
1.0 -1.0 0.0 -1.0 1.0
1.0 -1.0 0.0 -1.0 1.0
1.0 -1.0 0.0 -1.0 1.0
1.0 -1.0 0.0 -1.0 1.0
1.0 -1.0 0.0 -1.0 1.0
1.0 -1.0 0.0 -1.0 1.0
1.0 -1.0 0.0 -1.0 1.0
1.0 -1.0 0.0 -1.0 1.0
1.0 -1.0 0.0 -1.0 1.0
1.0 -1.0 0.0 -1.0 1.0
1.0 -1.0 0.0 -1.0 1.0
1.0 -1.0 0.0 -1.0 1.0
1.0 -1.0 0.0 -1.0 1.0
1.0 -1.0 0.0 -1.0 1.0
1.0 -1.0 0.0 -1.0 1.0
1.0 -1.0 0.0 -1.0 1.0
1.0 -1.0 -1.0 -1.0 1.0
1.0 -1.0 -1.0 -1.0 1.0
1.0 -1.0 -1.0 -1.0 1.0
1.0 -1.0 0.0 -1.0 1.0
1.0 -1.0 0.0 -1.0 1.0
1.0 -1.0 0.0 -1.0 1.0
1.0 -1.0 0.0 -1.0 1.0
Fitness: -417.42718745999997
Instances 35: 24-Oct-10
1.0 -1.0 0.0 -1.0 1.0
1.0 -1.0 0.0 -1.0 1.0
1.0 -1.0 0.0 -1.0 1.0
1.0 -1.0 0.0 -1.0 1.0
1.0 -1.0 0.0 -1.0 1.0
1.0 -1.0 0.0 -1.0 1.0
1.0 -1.0 0.0 -1.0 1.0
1.0 -1.0 0.0 -1.0 1.0
1.0 -1.0 0.0 -1.0 1.0
1.0 -1.0 0.0 -1.0 1.0
1.0 -1.0 0.0 -1.0 1.0
1.0 -1.0 0.0 -1.0 1.0
1.0 -1.0 0.0 -1.0 1.0
1.0 -1.0 0.0 -1.0 1.0
1.0 -1.0 0.0 -1.0 1.0
1.0 -1.0 0.0 -1.0 1.0
1.0 -1.0 -1.0 -1.0 1.0
1.0 -1.0 -1.0 -1.0 1.0
1.0 -1.0 -1.0 -1.0 1.0
1.0 -1.0 -1.0 -1.0 1.0
1.0 -1.0 -1.0 -1.0 1.0
1.0 -1.0 -1.0 -1.0 1.0
1.0 -1.0 0.0 -1.0 1.0
1.0 -1.0 0.0 -1.0 1.0
Fitness: -1313.0044978999997
Instances 36: 25-Oct-10
1.0 -1.0 0.0 -1.0 1.0
1.0 -1.0 0.0 -1.0 1.0
1.0 -1.0 0.0 -1.0 1.0
1.0 -1.0 0.0 -1.0 1.0
1.0 -1.0 0.0 -1.0 1.0
1.0 -1.0 0.0 -1.0 1.0
1.0 -1.0 0.0 -1.0 1.0
1.0 -1.0 0.0 -1.0 1.0
1.0 -1.0 0.0 -1.0 1.0
1.0 -1.0 0.0 -1.0 1.0
1.0 -1.0 0.0 -1.0 1.0
1.0 -1.0 0.0 -1.0 1.0
1.0 -1.0 0.0 -1.0 1.0
1.0 -1.0 0.0 -1.0 1.0
1.0 -1.0 0.0 -1.0 1.0
1.0 -1.0 0.0 -1.0 1.0
1.0 -1.0 0.0 -1.0 1.0
1.0 -1.0 -1.0 -1.0 1.0
1.0 -1.0 -1.0 -1.0 1.0
1.0 -1.0 -1.0 -1.0 1.0
1.0 -1.0 0.0 -1.0 1.0
1.0 -1.0 0.0 -1.0 1.0
1.0 -1.0 0.0 -1.0 1.0
1.0 -1.0 0.0 -1.0 1.0
Fitness: -629.7416388199999
Instances 37: 26-Oct-10
1.0 -1.0 0.0 -1.0 1.0
1.0 -1.0 0.0 -1.0 1.0
1.0 -1.0 0.0 -1.0 1.0
1.0 -1.0 0.0 -1.0 1.0
1.0 -1.0 0.0 -1.0 1.0
1.0 -1.0 0.0 -1.0 1.0
1.0 -1.0 0.0 -1.0 1.0
1.0 -1.0 0.0 -1.0 1.0
1.0 -1.0 0.0 -1.0 1.0
1.0 -1.0 0.0 -1.0 1.0
1.0 -1.0 0.0 -1.0 1.0
1.0 -1.0 0.0 -1.0 1.0
1.0 -1.0 0.0 -1.0 1.0
1.0 -1.0 0.0 -1.0 1.0
1.0 -1.0 0.0 -1.0 1.0
1.0 -1.0 0.0 -1.0 1.0
1.0 -1.0 0.0 -1.0 1.0
1.0 -1.0 -1.0 -1.0 1.0
1.0 -1.0 -1.0 -1.0 1.0
1.0 -1.0 -1.0 -1.0 1.0
1.0 -1.0 0.0 -1.0 1.0
1.0 -1.0 0.0 -1.0 1.0
1.0 -1.0 0.0 -1.0 1.0
1.0 -1.0 0.0 -1.0 1.0
Fitness: -493.2060138
Instances 38: 27-Oct-10
1.0 -1.0 0.0 -1.0 1.0
1.0 -1.0 0.0 -1.0 1.0
1.0 -1.0 0.0 -1.0 1.0
1.0 -1.0 0.0 -1.0 1.0
1.0 -1.0 0.0 -1.0 1.0
1.0 -1.0 0.0 -1.0 1.0
1.0 -1.0 0.0 -1.0 1.0
1.0 -1.0 0.0 -1.0 1.0
1.0 -1.0 0.0 -1.0 1.0
1.0 -1.0 0.0 -1.0 1.0
1.0 -1.0 0.0 -1.0 1.0
1.0 -1.0 0.0 -1.0 1.0
1.0 -1.0 0.0 -1.0 1.0
1.0 -1.0 0.0 -1.0 1.0
1.0 -1.0 0.0 -1.0 1.0
1.0 -1.0 0.0 -1.0 1.0
1.0 -1.0 0.0 -1.0 1.0
1.0 -1.0 -1.0 -1.0 1.0
1.0 -1.0 -1.0 -1.0 1.0
1.0 -1.0 -1.0 -1.0 1.0
1.0 -1.0 0.0 -1.0 1.0
1.0 -1.0 0.0 -1.0 1.0
1.0 -1.0 0.0 -1.0 1.0
1.0 -1.0 0.0 -1.0 1.0
Fitness: -977.5660247399999
Instances 39: 28-Oct-10
1.0 -1.0 0.0 -1.0 1.0
1.0 -1.0 0.0 -1.0 1.0
1.0 -1.0 0.0 -1.0 1.0
1.0 -1.0 0.0 -1.0 1.0
1.0 -1.0 0.0 -1.0 1.0
1.0 -1.0 0.0 -1.0 1.0
1.0 -1.0 0.0 -1.0 1.0
1.0 -1.0 0.0 -1.0 1.0
1.0 -1.0 0.0 -1.0 1.0
1.0 -1.0 0.0 -1.0 1.0
1.0 -1.0 0.0 -1.0 1.0
1.0 -1.0 0.0 -1.0 1.0
1.0 -1.0 0.0 -1.0 1.0
1.0 -1.0 0.0 -1.0 1.0
1.0 -1.0 0.0 -1.0 1.0
1.0 -1.0 0.0 -1.0 1.0
1.0 -1.0 0.0 -1.0 1.0
1.0 -1.0 -1.0 -1.0 1.0
1.0 -1.0 -1.0 -1.0 1.0
1.0 -1.0 -1.0 -1.0 1.0
1.0 -1.0 0.0 -1.0 1.0
1.0 -1.0 0.0 -1.0 1.0
1.0 -1.0 0.0 -1.0 1.0
1.0 -1.0 0.0 -1.0 1.0
Fitness: -763.2658362000001
Instances 40: 29-Oct-10
1.0 -1.0 0.0 -1.0 1.0
1.0 -1.0 0.0 -1.0 1.0
1.0 -1.0 0.0 -1.0 1.0
1.0 -1.0 0.0 -1.0 1.0
1.0 -1.0 0.0 -1.0 1.0
1.0 -1.0 0.0 -1.0 1.0
1.0 -1.0 0.0 -1.0 1.0
1.0 -1.0 0.0 -1.0 1.0
1.0 -1.0 0.0 -1.0 1.0
1.0 -1.0 0.0 -1.0 1.0
1.0 -1.0 0.0 -1.0 1.0
1.0 -1.0 0.0 -1.0 1.0
1.0 -1.0 0.0 -1.0 1.0
1.0 -1.0 0.0 -1.0 1.0
1.0 -1.0 0.0 -1.0 1.0
1.0 -1.0 0.0 -1.0 1.0
1.0 -1.0 0.0 -1.0 1.0
1.0 -1.0 -1.0 -1.0 1.0
1.0 -1.0 -1.0 -1.0 1.0
1.0 -1.0 -1.0 -1.0 1.0
1.0 -1.0 0.0 -1.0 1.0
1.0 -1.0 0.0 -1.0 1.0
1.0 -1.0 0.0 -1.0 1.0
1.0 -1.0 0.0 -1.0 1.0
Fitness: -737.3533335199999
Instances 41: 30-Oct-10
1.0 -1.0 0.0 -1.0 1.0
1.0 -1.0 0.0 -1.0 1.0
1.0 -1.0 0.0 -1.0 1.0
1.0 -1.0 0.0 -1.0 1.0
1.0 -1.0 0.0 -1.0 1.0
1.0 -1.0 0.0 -1.0 1.0
1.0 -1.0 0.0 -1.0 1.0
1.0 -1.0 0.0 -1.0 1.0
1.0 -1.0 0.0 -1.0 1.0
1.0 -1.0 0.0 -1.0 1.0
1.0 -1.0 0.0 -1.0 1.0
1.0 -1.0 0.0 -1.0 1.0
1.0 -1.0 0.0 -1.0 1.0
1.0 -1.0 0.0 -1.0 1.0
1.0 -1.0 0.0 -1.0 1.0
1.0 -1.0 0.0 -1.0 1.0
1.0 -1.0 0.0 -1.0 1.0
1.0 -1.0 -1.0 -1.0 1.0
1.0 -1.0 -1.0 -1.0 1.0
1.0 -1.0 -1.0 -1.0 1.0
1.0 -1.0 0.0 -1.0 1.0
1.0 -1.0 0.0 -1.0 1.0
1.0 -1.0 0.0 -1.0 1.0
1.0 -1.0 0.0 -1.0 1.0
Fitness: -209.76743528
Instances 42: 31-Oct-10
1.0 -1.0 0.0 -1.0 1.0
1.0 -1.0 0.0 -1.0 1.0
1.0 -1.0 0.0 -1.0 1.0
1.0 -1.0 0.0 -1.0 1.0
1.0 -1.0 0.0 -1.0 1.0
1.0 -1.0 0.0 -1.0 1.0
1.0 -1.0 0.0 -1.0 1.0
1.0 -1.0 0.0 -1.0 1.0
1.0 -1.0 0.0 -1.0 1.0
1.0 -1.0 0.0 -1.0 1.0
1.0 -1.0 0.0 -1.0 1.0
1.0 -1.0 0.0 -1.0 1.0
1.0 -1.0 0.0 -1.0 1.0
1.0 -1.0 0.0 -1.0 1.0
1.0 -1.0 0.0 -1.0 1.0
1.0 -1.0 0.0 -1.0 1.0
1.0 -1.0 0.0 -1.0 1.0
1.0 -1.0 -1.0 -1.0 1.0
1.0 -1.0 -1.0 -1.0 1.0
1.0 -1.0 -1.0 -1.0 1.0
1.0 -1.0 0.0 -1.0 1.0
1.0 -1.0 0.0 -1.0 1.0
1.0 -1.0 0.0 -1.0 1.0
1.0 -1.0 0.0 -1.0 1.0
Fitness: -308.02348314
Instances 43: 21-Nov-10
1.0 -1.0 0.0 -1.0 1.0
1.0 -1.0 0.0 -1.0 1.0
1.0 -1.0 0.0 -1.0 1.0
1.0 -1.0 0.0 -1.0 1.0
1.0 -1.0 0.0 -1.0 1.0
1.0 -1.0 0.0 -1.0 1.0
1.0 -1.0 0.0 -1.0 1.0
1.0 -1.0 0.0 -1.0 1.0
1.0 -1.0 0.0 -1.0 1.0
1.0 -1.0 0.0 -1.0 1.0
1.0 -1.0 0.0 -1.0 1.0
1.0 -1.0 0.0 -1.0 1.0
1.0 -1.0 0.0 -1.0 1.0
1.0 -1.0 0.0 -1.0 1.0
1.0 -1.0 0.0 -1.0 1.0
1.0 -1.0 0.0 -1.0 1.0
1.0 -1.0 0.0 -1.0 1.0
1.0 -1.0 -1.0 -1.0 1.0
1.0 -1.0 -1.0 -1.0 1.0
1.0 -1.0 -1.0 -1.0 1.0
1.0 -1.0 0.0 -1.0 1.0
1.0 -1.0 0.0 -1.0 1.0
1.0 -1.0 0.0 -1.0 1.0
1.0 -1.0 0.0 -1.0 1.0
Fitness: 181.60294718000006
Instances 44: 22-Nov-10
1.0 -1.0 0.0 -1.0 1.0
1.0 -1.0 0.0 -1.0 1.0
1.0 -1.0 0.0 -1.0 1.0
1.0 -1.0 0.0 -1.0 1.0
1.0 -1.0 0.0 -1.0 1.0
1.0 -1.0 0.0 -1.0 1.0
1.0 -1.0 0.0 -1.0 1.0
1.0 -1.0 0.0 -1.0 1.0
1.0 -1.0 0.0 -1.0 1.0
1.0 -1.0 0.0 -1.0 1.0
1.0 -1.0 0.0 -1.0 1.0
1.0 -1.0 0.0 -1.0 1.0
1.0 -1.0 0.0 -1.0 1.0
1.0 -1.0 0.0 -1.0 1.0
1.0 -1.0 0.0 -1.0 1.0
1.0 -1.0 0.0 -1.0 1.0
1.0 -1.0 0.0 -1.0 1.0
1.0 -1.0 -1.0 -1.0 1.0
1.0 -1.0 -1.0 -1.0 1.0
1.0 -1.0 -1.0 -1.0 1.0
1.0 -1.0 0.0 -1.0 1.0
1.0 -1.0 0.0 -1.0 1.0
1.0 -1.0 0.0 -1.0 1.0
1.0 -1.0 0.0 -1.0 1.0
Fitness: 160.1626177400001
Instances 45: 23-Nov-10
1.0 -1.0 0.0 -1.0 1.0
1.0 -1.0 0.0 -1.0 1.0
1.0 -1.0 0.0 -1.0 1.0
1.0 -1.0 0.0 -1.0 1.0
1.0 -1.0 0.0 -1.0 1.0
1.0 -1.0 0.0 -1.0 1.0
1.0 -1.0 0.0 -1.0 1.0
1.0 -1.0 0.0 -1.0 1.0
1.0 -1.0 0.0 -1.0 1.0
1.0 -1.0 0.0 -1.0 1.0
1.0 -1.0 0.0 -1.0 1.0
1.0 -1.0 0.0 -1.0 1.0
1.0 -1.0 0.0 -1.0 1.0
1.0 -1.0 0.0 -1.0 1.0
1.0 -1.0 0.0 -1.0 1.0
1.0 -1.0 0.0 -1.0 1.0
1.0 -1.0 0.0 -1.0 1.0
1.0 -1.0 -1.0 -1.0 1.0
1.0 -1.0 -1.0 -1.0 1.0
1.0 -1.0 -1.0 -1.0 1.0
1.0 -1.0 0.0 -1.0 1.0
1.0 -1.0 0.0 -1.0 1.0
1.0 -1.0 0.0 -1.0 1.0
1.0 -1.0 0.0 -1.0 1.0
Fitness: 177.50212146000007
Instances 46: 24-Nov-10
1.0 -1.0 0.0 -1.0 1.0
1.0 -1.0 0.0 -1.0 1.0
1.0 -1.0 0.0 -1.0 1.0
1.0 -1.0 0.0 -1.0 1.0
1.0 -1.0 0.0 -1.0 1.0
1.0 -1.0 0.0 -1.0 1.0
1.0 -1.0 0.0 -1.0 1.0
1.0 -1.0 0.0 -1.0 1.0
1.0 -1.0 0.0 -1.0 1.0
1.0 -1.0 0.0 -1.0 1.0
1.0 -1.0 0.0 -1.0 1.0
1.0 -1.0 0.0 -1.0 1.0
1.0 -1.0 0.0 -1.0 1.0
1.0 -1.0 0.0 -1.0 1.0
1.0 -1.0 0.0 -1.0 1.0
1.0 -1.0 0.0 -1.0 1.0
1.0 -1.0 0.0 -1.0 1.0
1.0 -1.0 -1.0 -1.0 1.0
1.0 -1.0 -1.0 -1.0 1.0
1.0 -1.0 -1.0 -1.0 1.0
1.0 -1.0 0.0 -1.0 1.0
1.0 -1.0 0.0 -1.0 1.0
1.0 -1.0 0.0 -1.0 1.0
1.0 -1.0 0.0 -1.0 1.0
Fitness: 144.10084412
Instances 47: 25-Nov-10
1.0 -1.0 0.0 -1.0 1.0
1.0 -1.0 0.0 -1.0 1.0
1.0 -1.0 0.0 -1.0 1.0
1.0 -1.0 0.0 -1.0 1.0
1.0 -1.0 0.0 -1.0 1.0
1.0 -1.0 0.0 -1.0 1.0
1.0 -1.0 0.0 -1.0 1.0
1.0 -1.0 0.0 -1.0 1.0
1.0 -1.0 0.0 -1.0 1.0
1.0 -1.0 0.0 -1.0 1.0
1.0 -1.0 0.0 -1.0 1.0
1.0 -1.0 0.0 -1.0 1.0
1.0 -1.0 0.0 -1.0 1.0
1.0 -1.0 0.0 -1.0 1.0
1.0 -1.0 0.0 -1.0 1.0
1.0 -1.0 0.0 -1.0 1.0
1.0 -1.0 0.0 -1.0 1.0
1.0 -1.0 -1.0 -1.0 1.0
1.0 -1.0 -1.0 -1.0 1.0
1.0 -1.0 -1.0 -1.0 1.0
1.0 -1.0 0.0 -1.0 1.0
1.0 -1.0 -1.0 -1.0 1.0
1.0 -1.0 0.0 -1.0 1.0
1.0 -1.0 0.0 -1.0 1.0
Fitness: 172.96686778000006
Instances 48: 26-Nov-10
1.0 -1.0 0.0 -1.0 1.0
1.0 -1.0 0.0 -1.0 1.0
1.0 -1.0 0.0 -1.0 1.0
1.0 -1.0 0.0 -1.0 1.0
1.0 -1.0 0.0 -1.0 1.0
1.0 -1.0 0.0 -1.0 1.0
1.0 -1.0 0.0 -1.0 1.0
1.0 -1.0 0.0 -1.0 1.0
1.0 -1.0 0.0 -1.0 1.0
1.0 -1.0 0.0 -1.0 1.0
1.0 -1.0 0.0 -1.0 1.0
1.0 -1.0 0.0 -1.0 1.0
1.0 -1.0 0.0 -1.0 1.0
1.0 -1.0 0.0 -1.0 1.0
1.0 -1.0 0.0 -1.0 1.0
1.0 -1.0 0.0 -1.0 1.0
1.0 -1.0 0.0 -1.0 1.0
1.0 -1.0 -1.0 -1.0 1.0
1.0 -1.0 -1.0 -1.0 1.0
1.0 -1.0 -1.0 -1.0 1.0
1.0 -1.0 0.0 -1.0 1.0
1.0 -1.0 0.0 -1.0 1.0
1.0 -1.0 0.0 -1.0 1.0
1.0 -1.0 0.0 -1.0 1.0
Fitness: 49.0525217400001
Instances 49: 27-Nov-10
1.0 -1.0 0.0 -1.0 1.0
1.0 -1.0 0.0 -1.0 1.0
1.0 -1.0 0.0 -1.0 1.0
1.0 -1.0 0.0 -1.0 1.0
1.0 -1.0 0.0 -1.0 1.0
1.0 -1.0 0.0 -1.0 1.0
1.0 -1.0 0.0 -1.0 1.0
1.0 -1.0 0.0 -1.0 1.0
1.0 -1.0 0.0 -1.0 1.0
1.0 -1.0 0.0 -1.0 1.0
1.0 -1.0 0.0 -1.0 1.0
1.0 -1.0 0.0 -1.0 1.0
1.0 -1.0 0.0 -1.0 1.0
1.0 -1.0 0.0 -1.0 1.0
1.0 -1.0 0.0 -1.0 1.0
1.0 -1.0 0.0 -1.0 1.0
1.0 -1.0 0.0 -1.0 1.0
1.0 -1.0 -1.0 -1.0 1.0
1.0 -1.0 -1.0 -1.0 1.0
1.0 -1.0 -1.0 -1.0 1.0
1.0 -1.0 0.0 -1.0 1.0
1.0 -1.0 0.0 -1.0 1.0
1.0 -1.0 0.0 -1.0 1.0
1.0 -1.0 0.0 -1.0 1.0
Fitness: 92.09075359999997
Instances 50: 28-Nov-10
1.0 -1.0 0.0 -1.0 1.0
1.0 -1.0 0.0 -1.0 1.0
1.0 -1.0 0.0 -1.0 1.0
1.0 -1.0 0.0 -1.0 1.0
1.0 -1.0 0.0 -1.0 1.0
1.0 -1.0 0.0 -1.0 1.0
1.0 -1.0 0.0 -1.0 1.0
1.0 -1.0 0.0 -1.0 1.0
1.0 -1.0 0.0 -1.0 1.0
1.0 -1.0 0.0 -1.0 1.0
1.0 -1.0 0.0 -1.0 1.0
1.0 -1.0 0.0 -1.0 1.0
1.0 -1.0 0.0 -1.0 1.0
1.0 -1.0 0.0 -1.0 1.0
1.0 -1.0 0.0 -1.0 1.0
1.0 -1.0 0.0 -1.0 1.0
1.0 -1.0 0.0 -1.0 1.0
1.0 -1.0 -1.0 -1.0 1.0
1.0 -1.0 -1.0 -1.0 1.0
1.0 -1.0 -1.0 -1.0 1.0
1.0 -1.0 0.0 -1.0 1.0
1.0 -1.0 0.0 -1.0 1.0
1.0 -1.0 0.0 -1.0 1.0
1.0 -1.0 0.0 -1.0 1.0
Fitness: -291.50191742
Instances 51: 29-Nov-10
1.0 -1.0 0.0 -1.0 1.0
1.0 -1.0 0.0 -1.0 1.0
1.0 -1.0 0.0 -1.0 1.0
1.0 -1.0 0.0 -1.0 1.0
1.0 -1.0 0.0 -1.0 1.0
1.0 -1.0 0.0 -1.0 1.0
1.0 -1.0 0.0 -1.0 1.0
1.0 -1.0 0.0 -1.0 1.0
1.0 -1.0 0.0 -1.0 1.0
1.0 -1.0 0.0 -1.0 1.0
1.0 -1.0 0.0 -1.0 1.0
1.0 -1.0 0.0 -1.0 1.0
1.0 -1.0 0.0 -1.0 1.0
1.0 -1.0 0.0 -1.0 1.0
1.0 -1.0 0.0 -1.0 1.0
1.0 -1.0 0.0 -1.0 1.0
1.0 -1.0 0.0 -1.0 1.0
1.0 -1.0 -1.0 -1.0 1.0
1.0 -1.0 -1.0 -1.0 1.0
1.0 -1.0 -1.0 -1.0 1.0
1.0 -1.0 0.0 -1.0 1.0
1.0 -1.0 0.0 -1.0 1.0
1.0 -1.0 0.0 -1.0 1.0
1.0 -1.0 0.0 -1.0 1.0
Fitness: -203.89726645999997
Instances 52: 30-Nov-10
1.0 -1.0 0.0 -1.0 1.0
1.0 -1.0 0.0 -1.0 1.0
1.0 -1.0 0.0 -1.0 1.0
1.0 -1.0 0.0 -1.0 1.0
1.0 -1.0 0.0 -1.0 1.0
1.0 -1.0 0.0 -1.0 1.0
1.0 -1.0 0.0 -1.0 1.0
1.0 -1.0 0.0 -1.0 1.0
1.0 -1.0 0.0 -1.0 1.0
1.0 -1.0 0.0 -1.0 1.0
1.0 -1.0 0.0 -1.0 1.0
1.0 -1.0 0.0 -1.0 1.0
1.0 -1.0 0.0 -1.0 1.0
1.0 -1.0 0.0 -1.0 1.0
1.0 -1.0 0.0 -1.0 1.0
1.0 -1.0 0.0 -1.0 1.0
1.0 -1.0 0.0 -1.0 1.0
1.0 -1.0 -1.0 -1.0 1.0
1.0 -1.0 -1.0 -1.0 1.0
1.0 -1.0 -1.0 -1.0 1.0
1.0 -1.0 0.0 -1.0 1.0
1.0 -1.0 0.0 -1.0 1.0
1.0 -1.0 0.0 -1.0 1.0
1.0 -1.0 0.0 -1.0 1.0
Fitness: -209.58813765999994
Instances 53: 21-Dec-10
1.0 -1.0 0.0 -1.0 1.0
1.0 -1.0 0.0 -1.0 1.0
1.0 -1.0 0.0 -1.0 1.0
1.0 -1.0 0.0 -1.0 1.0
1.0 -1.0 0.0 -1.0 1.0
1.0 -1.0 0.0 -1.0 1.0
1.0 -1.0 0.0 -1.0 1.0
1.0 -1.0 0.0 -1.0 1.0
1.0 -1.0 0.0 -1.0 1.0
1.0 -1.0 0.0 -1.0 1.0
1.0 -1.0 0.0 -1.0 1.0
1.0 -1.0 0.0 -1.0 1.0
1.0 -1.0 0.0 -1.0 1.0
1.0 -1.0 0.0 -1.0 1.0
1.0 -1.0 0.0 -1.0 1.0
1.0 -1.0 0.0 -1.0 1.0
1.0 -1.0 0.0 -1.0 1.0
1.0 -1.0 -1.0 -1.0 1.0
1.0 -1.0 -1.0 -1.0 1.0
1.0 -1.0 -1.0 -1.0 1.0
1.0 -1.0 0.0 -1.0 1.0
1.0 -1.0 -1.0 -1.0 1.0
1.0 -1.0 0.0 -1.0 1.0
1.0 -1.0 0.0 -1.0 1.0
Fitness: 270.88169070000004
Instances 54: 22-Dec-10
1.0 -1.0 0.0 -1.0 1.0
1.0 -1.0 0.0 -1.0 1.0
1.0 -1.0 0.0 -1.0 1.0
1.0 -1.0 0.0 -1.0 1.0
1.0 -1.0 0.0 -1.0 1.0
1.0 -1.0 0.0 -1.0 1.0
1.0 -1.0 0.0 -1.0 1.0
1.0 -1.0 0.0 -1.0 1.0
1.0 -1.0 0.0 -1.0 1.0
1.0 -1.0 0.0 -1.0 1.0
1.0 -1.0 0.0 -1.0 1.0
1.0 -1.0 0.0 -1.0 1.0
1.0 -1.0 0.0 -1.0 1.0
1.0 -1.0 0.0 -1.0 1.0
1.0 -1.0 0.0 -1.0 1.0
1.0 -1.0 0.0 -1.0 1.0
1.0 -1.0 0.0 -1.0 1.0
1.0 -1.0 -1.0 -1.0 1.0
1.0 -1.0 -1.0 -1.0 1.0
1.0 -1.0 -1.0 -1.0 1.0
1.0 -1.0 0.0 -1.0 1.0
1.0 -1.0 0.0 -1.0 1.0
1.0 -1.0 0.0 -1.0 1.0
1.0 -1.0 0.0 -1.0 1.0
Fitness: 156.19950192000007
Instances 55: 23-Dec-10
1.0 -1.0 0.0 -1.0 1.0
1.0 -1.0 0.0 -1.0 1.0
1.0 -1.0 0.0 -1.0 1.0
1.0 -1.0 0.0 -1.0 1.0
1.0 -1.0 0.0 -1.0 1.0
1.0 -1.0 0.0 -1.0 1.0
1.0 -1.0 0.0 -1.0 1.0
1.0 -1.0 0.0 -1.0 1.0
1.0 -1.0 0.0 -1.0 1.0
1.0 -1.0 0.0 -1.0 1.0
1.0 -1.0 0.0 -1.0 1.0
1.0 -1.0 0.0 -1.0 1.0
1.0 -1.0 0.0 -1.0 1.0
1.0 -1.0 0.0 -1.0 1.0
1.0 -1.0 0.0 -1.0 1.0
1.0 -1.0 0.0 -1.0 1.0
1.0 -1.0 -1.0 -1.0 1.0
1.0 -1.0 -1.0 -1.0 1.0
1.0 -1.0 -1.0 -1.0 1.0
1.0 -1.0 0.0 -1.0 1.0
1.0 -1.0 0.0 -1.0 1.0
1.0 -1.0 -1.0 -1.0 1.0
1.0 -1.0 0.0 -1.0 1.0
1.0 -1.0 0.0 -1.0 1.0
Fitness: -89.32652980000003
Instances 56: 24-Dec-10
1.0 -1.0 0.0 -1.0 1.0
1.0 -1.0 0.0 -1.0 1.0
1.0 -1.0 0.0 -1.0 1.0
1.0 -1.0 0.0 -1.0 1.0
1.0 -1.0 0.0 -1.0 1.0
1.0 -1.0 0.0 -1.0 1.0
1.0 -1.0 0.0 -1.0 1.0
1.0 -1.0 0.0 -1.0 1.0
1.0 -1.0 0.0 -1.0 1.0
1.0 -1.0 0.0 -1.0 1.0
1.0 -1.0 0.0 -1.0 1.0
1.0 -1.0 0.0 -1.0 1.0
1.0 -1.0 0.0 -1.0 1.0
1.0 -1.0 0.0 -1.0 1.0
1.0 -1.0 0.0 -1.0 1.0
1.0 -1.0 0.0 -1.0 1.0
1.0 -1.0 0.0 -1.0 1.0
1.0 -1.0 -1.0 -1.0 1.0
1.0 -1.0 -1.0 -1.0 1.0
1.0 -1.0 -1.0 -1.0 1.0
1.0 -1.0 0.0 -1.0 1.0
1.0 -1.0 0.0 -1.0 1.0
1.0 -1.0 0.0 -1.0 1.0
1.0 -1.0 0.0 -1.0 1.0
Fitness: -32.727898379999914
Instances 57: 25-Dec-10
1.0 -1.0 0.0 -1.0 1.0
1.0 -1.0 0.0 -1.0 1.0
1.0 -1.0 0.0 -1.0 1.0
1.0 -1.0 0.0 -1.0 1.0
1.0 -1.0 0.0 -1.0 1.0
1.0 -1.0 0.0 -1.0 1.0
1.0 -1.0 0.0 -1.0 1.0
1.0 -1.0 0.0 -1.0 1.0
1.0 -1.0 0.0 -1.0 1.0
1.0 -1.0 0.0 -1.0 1.0
1.0 -1.0 0.0 -1.0 1.0
1.0 -1.0 0.0 -1.0 1.0
1.0 -1.0 0.0 -1.0 1.0
1.0 -1.0 0.0 -1.0 1.0
1.0 -1.0 0.0 -1.0 1.0
1.0 -1.0 0.0 -1.0 1.0
1.0 -1.0 -1.0 -1.0 1.0
1.0 -1.0 -1.0 -1.0 1.0
1.0 -1.0 -1.0 -1.0 1.0
1.0 -1.0 -1.0 -1.0 1.0
1.0 -1.0 -1.0 -1.0 1.0
1.0 -1.0 -1.0 -1.0 1.0
1.0 -1.0 0.0 -1.0 1.0
1.0 -1.0 0.0 -1.0 1.0
Fitness: -136.81111111999988
Instances 58: 26-Dec-10
1.0 -1.0 1.0 -1.0 1.0
1.0 -1.0 0.0 -1.0 1.0
1.0 -1.0 0.0 -1.0 1.0
1.0 -1.0 0.0 -1.0 1.0
1.0 -1.0 0.0 -1.0 1.0
1.0 -1.0 0.0 -1.0 1.0
1.0 -1.0 0.0 -1.0 1.0
1.0 -1.0 0.0 -1.0 1.0
1.0 -1.0 0.0 -1.0 1.0
1.0 -1.0 0.0 -1.0 1.0
1.0 -1.0 0.0 -1.0 1.0
1.0 -1.0 0.0 -1.0 1.0
1.0 -1.0 0.0 -1.0 1.0
1.0 -1.0 0.0 -1.0 1.0
1.0 -1.0 0.0 -1.0 1.0
1.0 -1.0 -1.0 -1.0 1.0
1.0 -1.0 -1.0 -1.0 1.0
1.0 -1.0 -1.0 -1.0 1.0
1.0 -1.0 -1.0 -1.0 1.0
1.0 -1.0 -1.0 -1.0 1.0
1.0 -1.0 0.0 -1.0 1.0
1.0 -1.0 0.0 -1.0 1.0
1.0 -1.0 0.0 -1.0 1.0
1.0 -1.0 0.0 -1.0 1.0
Fitness: -373.4481192799999
Instances 59: 27-Dec-10
1.0 -1.0 0.0 -1.0 1.0
1.0 -1.0 0.0 -1.0 1.0
1.0 -1.0 0.0 -1.0 1.0
1.0 -1.0 0.0 -1.0 1.0
1.0 -1.0 0.0 -1.0 1.0
1.0 -1.0 0.0 -1.0 1.0
1.0 -1.0 0.0 -1.0 1.0
1.0 -1.0 0.0 -1.0 1.0
1.0 -1.0 0.0 -1.0 1.0
1.0 -1.0 0.0 -1.0 1.0
1.0 -1.0 0.0 -1.0 1.0
1.0 -1.0 0.0 -1.0 1.0
1.0 -1.0 0.0 -1.0 1.0
1.0 -1.0 0.0 -1.0 1.0
1.0 -1.0 0.0 -1.0 1.0
1.0 -1.0 0.0 -1.0 1.0
1.0 -1.0 0.0 -1.0 1.0
1.0 -1.0 -1.0 -1.0 1.0
1.0 -1.0 -1.0 -1.0 1.0
1.0 -1.0 -1.0 -1.0 1.0
1.0 -1.0 0.0 -1.0 1.0
1.0 -1.0 0.0 -1.0 1.0
1.0 -1.0 0.0 -1.0 1.0
1.0 -1.0 0.0 -1.0 1.0
Fitness: -352.40748113999985
Instances 60: 28-Dec-10
1.0 -1.0 0.0 -1.0 1.0
1.0 -1.0 0.0 -1.0 1.0
1.0 -1.0 0.0 -1.0 1.0
1.0 -1.0 0.0 -1.0 1.0
1.0 -1.0 0.0 -1.0 1.0
1.0 -1.0 0.0 -1.0 1.0
1.0 -1.0 0.0 -1.0 1.0
1.0 -1.0 0.0 -1.0 1.0
1.0 -1.0 0.0 -1.0 1.0
1.0 -1.0 0.0 -1.0 1.0
1.0 -1.0 0.0 -1.0 1.0
1.0 -1.0 0.0 -1.0 1.0
1.0 -1.0 0.0 -1.0 1.0
1.0 -1.0 0.0 -1.0 1.0
1.0 -1.0 0.0 -1.0 1.0
1.0 -1.0 0.0 -1.0 1.0
1.0 -1.0 0.0 -1.0 1.0
1.0 -1.0 -1.0 -1.0 1.0
1.0 -1.0 -1.0 -1.0 1.0
1.0 -1.0 -1.0 -1.0 1.0
1.0 -1.0 0.0 -1.0 1.0
1.0 -1.0 0.0 -1.0 1.0
1.0 -1.0 0.0 -1.0 1.0
1.0 -1.0 0.0 -1.0 1.0
Fitness: -114.86360887999992
Instances 61: 29-Dec-10
1.0 -1.0 0.0 -1.0 1.0
1.0 -1.0 0.0 -1.0 1.0
1.0 -1.0 0.0 -1.0 1.0
1.0 -1.0 0.0 -1.0 1.0
1.0 -1.0 0.0 -1.0 1.0
1.0 -1.0 0.0 -1.0 1.0
1.0 -1.0 0.0 -1.0 1.0
1.0 -1.0 0.0 -1.0 1.0
1.0 -1.0 0.0 -1.0 1.0
1.0 -1.0 0.0 -1.0 1.0
1.0 -1.0 0.0 -1.0 1.0
1.0 -1.0 0.0 -1.0 1.0
1.0 -1.0 0.0 -1.0 1.0
1.0 -1.0 0.0 -1.0 1.0
1.0 -1.0 0.0 -1.0 1.0
1.0 -1.0 0.0 -1.0 1.0
1.0 -1.0 0.0 -1.0 1.0
1.0 -1.0 -1.0 -1.0 1.0
1.0 -1.0 -1.0 -1.0 1.0
1.0 -1.0 -1.0 -1.0 1.0
1.0 -1.0 0.0 -1.0 1.0
1.0 -1.0 0.0 -1.0 1.0
1.0 -1.0 0.0 -1.0 1.0
1.0 -1.0 0.0 -1.0 1.0
Fitness: 161.74538564000005
Instances 62: 30-Dec-10
1.0 -1.0 0.0 -1.0 1.0
1.0 -1.0 0.0 -1.0 1.0
1.0 -1.0 0.0 -1.0 1.0
1.0 -1.0 0.0 -1.0 1.0
1.0 -1.0 0.0 -1.0 1.0
1.0 -1.0 0.0 -1.0 1.0
1.0 -1.0 0.0 -1.0 1.0
1.0 -1.0 0.0 -1.0 1.0
1.0 -1.0 0.0 -1.0 1.0
1.0 -1.0 0.0 -1.0 1.0
1.0 -1.0 0.0 -1.0 1.0
1.0 -1.0 0.0 -1.0 1.0
1.0 -1.0 0.0 -1.0 1.0
1.0 -1.0 0.0 -1.0 1.0
1.0 -1.0 0.0 -1.0 1.0
1.0 -1.0 0.0 -1.0 1.0
1.0 -1.0 -1.0 -1.0 1.0
1.0 -1.0 -1.0 -1.0 1.0
1.0 -1.0 -1.0 -1.0 1.0
1.0 -1.0 0.0 -1.0 1.0
1.0 -1.0 0.0 -1.0 1.0
1.0 -1.0 -1.0 -1.0 1.0
1.0 -1.0 0.0 -1.0 1.0
1.0 -1.0 0.0 -1.0 1.0
Fitness: 2.2592334000001024
Instances 63: 31-Dec-10
1.0 -1.0 0.0 -1.0 1.0
1.0 -1.0 0.0 -1.0 1.0
1.0 -1.0 0.0 -1.0 1.0
1.0 -1.0 0.0 -1.0 1.0
1.0 -1.0 0.0 -1.0 1.0
1.0 -1.0 0.0 -1.0 1.0
1.0 -1.0 0.0 -1.0 1.0
1.0 -1.0 0.0 -1.0 1.0
1.0 -1.0 0.0 -1.0 1.0
1.0 -1.0 0.0 -1.0 1.0
1.0 -1.0 0.0 -1.0 1.0
1.0 -1.0 0.0 -1.0 1.0
1.0 -1.0 0.0 -1.0 1.0
1.0 -1.0 0.0 -1.0 1.0
1.0 -1.0 0.0 -1.0 1.0
1.0 -1.0 -1.0 -1.0 1.0
1.0 -1.0 -1.0 -1.0 1.0
1.0 -1.0 -1.0 -1.0 1.0
1.0 -1.0 -1.0 -1.0 1.0
1.0 -1.0 -1.0 -1.0 1.0
1.0 -1.0 0.0 -1.0 1.0
1.0 -1.0 0.0 -1.0 1.0
1.0 -1.0 0.0 -1.0 1.0
1.0 -1.0 0.0 -1.0 1.0
Fitness: -112.93905083999994
Instances 64: 21-Jan-11
1.0 -1.0 0.0 -1.0 1.0
1.0 -1.0 0.0 -1.0 1.0
1.0 -1.0 0.0 -1.0 1.0
1.0 -1.0 0.0 -1.0 1.0
1.0 -1.0 0.0 -1.0 1.0
1.0 -1.0 0.0 -1.0 1.0
1.0 -1.0 0.0 -1.0 1.0
1.0 -1.0 0.0 -1.0 1.0
1.0 -1.0 0.0 -1.0 1.0
1.0 -1.0 0.0 -1.0 1.0
1.0 -1.0 0.0 -1.0 1.0
1.0 -1.0 0.0 -1.0 1.0
1.0 -1.0 0.0 -1.0 1.0
1.0 -1.0 0.0 -1.0 1.0
1.0 -1.0 0.0 -1.0 1.0
1.0 -1.0 0.0 -1.0 1.0
1.0 -1.0 -1.0 -1.0 1.0
1.0 -1.0 -1.0 -1.0 1.0
1.0 -1.0 -1.0 -1.0 1.0
1.0 -1.0 0.0 -1.0 1.0
1.0 -1.0 0.0 -1.0 1.0
1.0 -1.0 -1.0 -1.0 1.0
1.0 -1.0 0.0 -1.0 1.0
1.0 -1.0 0.0 -1.0 1.0
Fitness: -47.08651065999997
Instances 65: 22-Jan-11
1.0 -1.0 0.0 -1.0 1.0
1.0 -1.0 0.0 -1.0 1.0
1.0 -1.0 0.0 -1.0 1.0
1.0 -1.0 0.0 -1.0 1.0
1.0 -1.0 0.0 -1.0 1.0
1.0 -1.0 0.0 -1.0 1.0
1.0 -1.0 0.0 -1.0 1.0
1.0 -1.0 0.0 -1.0 1.0
1.0 -1.0 0.0 -1.0 1.0
1.0 -1.0 0.0 -1.0 1.0
1.0 -1.0 0.0 -1.0 1.0
1.0 -1.0 0.0 -1.0 1.0
1.0 -1.0 0.0 -1.0 1.0
1.0 -1.0 0.0 -1.0 1.0
1.0 -1.0 0.0 -1.0 1.0
1.0 -1.0 0.0 -1.0 1.0
1.0 -1.0 -1.0 -1.0 1.0
1.0 -1.0 -1.0 -1.0 1.0
1.0 -1.0 -1.0 -1.0 1.0
1.0 -1.0 0.0 -1.0 1.0
1.0 -1.0 -1.0 -1.0 1.0
1.0 -1.0 -1.0 -1.0 1.0
1.0 -1.0 0.0 -1.0 1.0
1.0 -1.0 0.0 -1.0 1.0
Fitness: -38.280393939999996
Instances 66: 23-Jan-11
1.0 -1.0 1.0 -1.0 1.0
1.0 -1.0 0.0 -1.0 1.0
1.0 -1.0 0.0 -1.0 1.0
1.0 -1.0 0.0 -1.0 1.0
1.0 -1.0 0.0 -1.0 1.0
1.0 -1.0 0.0 -1.0 1.0
1.0 -1.0 0.0 -1.0 1.0
1.0 -1.0 0.0 -1.0 1.0
1.0 -1.0 0.0 -1.0 1.0
1.0 -1.0 0.0 -1.0 1.0
1.0 -1.0 0.0 -1.0 1.0
1.0 -1.0 0.0 -1.0 1.0
1.0 -1.0 0.0 -1.0 1.0
1.0 -1.0 0.0 -1.0 1.0
1.0 -1.0 -1.0 -1.0 1.0
1.0 -1.0 0.0 -1.0 1.0
1.0 -1.0 -1.0 -1.0 1.0
1.0 -1.0 -1.0 -1.0 1.0
1.0 -1.0 -1.0 -1.0 1.0
1.0 -1.0 0.0 -1.0 1.0
1.0 -1.0 0.0 -1.0 1.0
1.0 -1.0 -1.0 -1.0 1.0
1.0 -1.0 0.0 -1.0 1.0
1.0 -1.0 0.0 -1.0 1.0
Fitness: -102.05410065999992
Instances 67: 24-Jan-11
1.0 -1.0 0.0 -1.0 1.0
1.0 -1.0 0.0 -1.0 1.0
1.0 -1.0 0.0 -1.0 1.0
1.0 -1.0 0.0 -1.0 1.0
1.0 -1.0 0.0 -1.0 1.0
1.0 -1.0 0.0 -1.0 1.0
1.0 -1.0 0.0 -1.0 1.0
1.0 -1.0 0.0 -1.0 1.0
1.0 -1.0 0.0 -1.0 1.0
1.0 -1.0 0.0 -1.0 1.0
1.0 -1.0 0.0 -1.0 1.0
1.0 -1.0 0.0 -1.0 1.0
1.0 -1.0 0.0 -1.0 1.0
1.0 -1.0 0.0 -1.0 1.0
1.0 -1.0 -1.0 -1.0 1.0
1.0 -1.0 0.0 -1.0 1.0
1.0 -1.0 -1.0 -1.0 1.0
1.0 -1.0 -1.0 -1.0 1.0
1.0 -1.0 -1.0 -1.0 1.0
1.0 -1.0 -1.0 -1.0 1.0
1.0 -1.0 -1.0 -1.0 1.0
1.0 -1.0 -1.0 -1.0 1.0
1.0 -1.0 -1.0 -1.0 1.0
1.0 -1.0 0.0 -1.0 1.0
Fitness: -771.1503335799999
Instances 68: 25-Jan-11
1.0 -1.0 1.0 -1.0 1.0
1.0 -1.0 0.0 -1.0 1.0
1.0 -1.0 0.0 -1.0 1.0
1.0 -1.0 0.0 -1.0 1.0
1.0 -1.0 0.0 -1.0 1.0
1.0 -1.0 0.0 -1.0 1.0
1.0 -1.0 0.0 -1.0 1.0
1.0 -1.0 0.0 -1.0 1.0
1.0 -1.0 0.0 -1.0 1.0
1.0 -1.0 0.0 -1.0 1.0
1.0 -1.0 0.0 -1.0 1.0
1.0 -1.0 0.0 -1.0 1.0
1.0 -1.0 0.0 -1.0 1.0
1.0 -1.0 0.0 -1.0 1.0
1.0 -1.0 -1.0 -1.0 1.0
1.0 -1.0 -1.0 -1.0 1.0
1.0 -1.0 -1.0 -1.0 1.0
1.0 -1.0 -1.0 -1.0 1.0
1.0 -1.0 -1.0 -1.0 1.0
1.0 -1.0 -1.0 -1.0 1.0
1.0 -1.0 -1.0 -1.0 1.0
1.0 -1.0 -1.0 -1.0 1.0
1.0 -1.0 -1.0 -1.0 1.0
1.0 -1.0 0.0 -1.0 1.0
Fitness: -498.47178677999995
Instances 69: 26-Jan-11
1.0 -1.0 1.0 -1.0 1.0
1.0 -1.0 0.0 -1.0 1.0
1.0 -1.0 0.0 -1.0 1.0
1.0 -1.0 0.0 -1.0 1.0
1.0 -1.0 0.0 -1.0 1.0
1.0 -1.0 0.0 -1.0 1.0
1.0 -1.0 0.0 -1.0 1.0
1.0 -1.0 0.0 -1.0 1.0
1.0 -1.0 0.0 -1.0 1.0
1.0 -1.0 0.0 -1.0 1.0
1.0 -1.0 0.0 -1.0 1.0
1.0 -1.0 0.0 -1.0 1.0
1.0 -1.0 -1.0 -1.0 1.0
1.0 -1.0 -1.0 -1.0 1.0
1.0 -1.0 -1.0 -1.0 1.0
1.0 -1.0 -1.0 -1.0 1.0
1.0 -1.0 -1.0 -1.0 1.0
1.0 -1.0 -1.0 -1.0 1.0
1.0 -1.0 -1.0 -1.0 1.0
1.0 -1.0 -1.0 -1.0 1.0
1.0 -1.0 -1.0 -1.0 1.0
1.0 -1.0 -1.0 -1.0 1.0
1.0 -1.0 -1.0 -1.0 1.0
1.0 -1.0 -1.0 -1.0 1.0
Fitness: -1271.2753200599998
Instances 70: 27-Jan-11
1.0 -1.0 1.0 -1.0 1.0
1.0 -1.0 0.0 -1.0 1.0
1.0 -1.0 0.0 -1.0 1.0
1.0 -1.0 0.0 -1.0 1.0
1.0 -1.0 0.0 -1.0 1.0
1.0 -1.0 0.0 -1.0 1.0
1.0 -1.0 0.0 -1.0 1.0
1.0 -1.0 0.0 -1.0 1.0
1.0 -1.0 0.0 -1.0 1.0
1.0 -1.0 0.0 -1.0 1.0
1.0 -1.0 0.0 -1.0 1.0
1.0 -1.0 0.0 -1.0 1.0
1.0 -1.0 0.0 -1.0 1.0
1.0 -1.0 0.0 -1.0 1.0
1.0 -1.0 -1.0 -1.0 1.0
1.0 -1.0 -1.0 -1.0 1.0
1.0 -1.0 -1.0 -1.0 1.0
1.0 -1.0 -1.0 -1.0 1.0
1.0 -1.0 -1.0 -1.0 1.0
1.0 -1.0 -1.0 -1.0 1.0
1.0 -1.0 -1.0 -1.0 1.0
1.0 -1.0 -1.0 -1.0 1.0
1.0 -1.0 -1.0 -1.0 1.0
1.0 -1.0 0.0 -1.0 1.0
Fitness: -721.66830422
Instances 71: 28-Jan-11
1.0 -1.0 1.0 -1.0 1.0
1.0 -1.0 0.0 -1.0 1.0
1.0 -1.0 0.0 -1.0 1.0
1.0 -1.0 0.0 -1.0 1.0
1.0 -1.0 0.0 -1.0 1.0
1.0 -1.0 0.0 -1.0 1.0
1.0 -1.0 0.0 -1.0 1.0
1.0 -1.0 0.0 -1.0 1.0
1.0 -1.0 0.0 -1.0 1.0
1.0 -1.0 0.0 -1.0 1.0
1.0 -1.0 0.0 -1.0 1.0
1.0 -1.0 0.0 -1.0 1.0
1.0 -1.0 0.0 -1.0 1.0
1.0 -1.0 0.0 -1.0 1.0
1.0 -1.0 0.0 -1.0 1.0
1.0 -1.0 0.0 -1.0 1.0
1.0 -1.0 -1.0 -1.0 1.0
1.0 -1.0 -1.0 -1.0 1.0
1.0 -1.0 -1.0 -1.0 1.0
1.0 -1.0 -1.0 -1.0 1.0
1.0 -1.0 0.0 -1.0 1.0
1.0 -1.0 0.0 -1.0 1.0
1.0 -1.0 0.0 -1.0 1.0
1.0 -1.0 0.0 -1.0 1.0
Fitness: -269.11051454
Instances 72: 29-Jan-11
1.0 -1.0 0.0 -1.0 1.0
1.0 -1.0 0.0 -1.0 1.0
1.0 -1.0 0.0 -1.0 1.0
1.0 -1.0 0.0 -1.0 1.0
1.0 -1.0 0.0 -1.0 1.0
1.0 -1.0 0.0 -1.0 1.0
1.0 -1.0 0.0 -1.0 1.0
1.0 -1.0 0.0 -1.0 1.0
1.0 -1.0 0.0 -1.0 1.0
1.0 -1.0 0.0 -1.0 1.0
1.0 -1.0 0.0 -1.0 1.0
1.0 -1.0 0.0 -1.0 1.0
1.0 -1.0 0.0 -1.0 1.0
1.0 -1.0 0.0 -1.0 1.0
1.0 -1.0 0.0 -1.0 1.0
1.0 -1.0 0.0 -1.0 1.0
1.0 -1.0 0.0 -1.0 1.0
1.0 -1.0 -1.0 -1.0 1.0
1.0 -1.0 -1.0 -1.0 1.0
1.0 -1.0 -1.0 -1.0 1.0
1.0 -1.0 0.0 -1.0 1.0
1.0 -1.0 -1.0 -1.0 1.0
1.0 -1.0 0.0 -1.0 1.0
1.0 -1.0 0.0 -1.0 1.0
Fitness: 32.616293140000096
Instances 73: 30-Jan-11
1.0 -1.0 0.0 -1.0 1.0
1.0 -1.0 0.0 -1.0 1.0
1.0 -1.0 0.0 -1.0 1.0
1.0 -1.0 0.0 -1.0 1.0
1.0 -1.0 0.0 -1.0 1.0
1.0 -1.0 0.0 -1.0 1.0
1.0 -1.0 0.0 -1.0 1.0
1.0 -1.0 0.0 -1.0 1.0
1.0 -1.0 0.0 -1.0 1.0
1.0 -1.0 0.0 -1.0 1.0
1.0 -1.0 0.0 -1.0 1.0
1.0 -1.0 0.0 -1.0 1.0
1.0 -1.0 0.0 -1.0 1.0
1.0 -1.0 0.0 -1.0 1.0
1.0 -1.0 0.0 -1.0 1.0
1.0 -1.0 0.0 -1.0 1.0
1.0 -1.0 -1.0 -1.0 1.0
1.0 -1.0 -1.0 -1.0 1.0
1.0 -1.0 -1.0 -1.0 1.0
1.0 -1.0 -1.0 -1.0 1.0
1.0 -1.0 -1.0 -1.0 1.0
1.0 -1.0 -1.0 -1.0 1.0
1.0 -1.0 0.0 -1.0 1.0
1.0 -1.0 0.0 -1.0 1.0
Fitness: -205.09390455999994
Instances 74: 31-Jan-11
1.0 -1.0 0.0 -1.0 1.0
1.0 -1.0 0.0 -1.0 1.0
1.0 -1.0 0.0 -1.0 1.0
1.0 -1.0 0.0 -1.0 1.0
1.0 -1.0 0.0 -1.0 1.0
1.0 -1.0 0.0 -1.0 1.0
1.0 -1.0 0.0 -1.0 1.0
1.0 -1.0 0.0 -1.0 1.0
1.0 -1.0 0.0 -1.0 1.0
1.0 -1.0 0.0 -1.0 1.0
1.0 -1.0 0.0 -1.0 1.0
1.0 -1.0 0.0 -1.0 1.0
1.0 -1.0 0.0 -1.0 1.0
1.0 -1.0 0.0 -1.0 1.0
1.0 -1.0 -1.0 -1.0 1.0
1.0 -1.0 -1.0 -1.0 1.0
1.0 -1.0 -1.0 -1.0 1.0
1.0 -1.0 -1.0 -1.0 1.0
1.0 -1.0 -1.0 -1.0 1.0
1.0 -1.0 -1.0 -1.0 1.0
1.0 -1.0 -1.0 -1.0 1.0
1.0 -1.0 -1.0 -1.0 1.0
1.0 -1.0 -1.0 -1.0 1.0
1.0 -1.0 0.0 -1.0 1.0
Fitness: -755.8224227999999
Instances 75: 21-Feb-11
1.0 -1.0 1.0 -1.0 1.0
1.0 -1.0 0.0 -1.0 1.0
1.0 -1.0 0.0 -1.0 1.0
1.0 -1.0 0.0 -1.0 1.0
1.0 -1.0 0.0 -1.0 1.0
1.0 -1.0 0.0 -1.0 1.0
1.0 -1.0 0.0 -1.0 1.0
1.0 -1.0 0.0 -1.0 1.0
1.0 -1.0 0.0 -1.0 1.0
1.0 -1.0 0.0 -1.0 1.0
1.0 -1.0 0.0 -1.0 1.0
1.0 -1.0 0.0 -1.0 1.0
1.0 -1.0 0.0 -1.0 1.0
1.0 -1.0 0.0 -1.0 1.0
1.0 -1.0 0.0 -1.0 1.0
1.0 -1.0 0.0 -1.0 1.0
1.0 -1.0 -1.0 -1.0 1.0
1.0 -1.0 -1.0 -1.0 1.0
1.0 -1.0 -1.0 -1.0 1.0
1.0 -1.0 -1.0 -1.0 1.0
1.0 -1.0 0.0 -1.0 1.0
1.0 -1.0 0.0 -1.0 1.0
1.0 -1.0 0.0 -1.0 1.0
1.0 -1.0 0.0 -1.0 1.0
Fitness: -343.8900594199999
Instances 76: 22-Feb-11
1.0 -1.0 0.0 -1.0 1.0
1.0 -1.0 0.0 -1.0 1.0
1.0 -1.0 0.0 -1.0 1.0
1.0 -1.0 0.0 -1.0 1.0
1.0 -1.0 0.0 -1.0 1.0
1.0 -1.0 0.0 -1.0 1.0
1.0 -1.0 0.0 -1.0 1.0
1.0 -1.0 0.0 -1.0 1.0
1.0 -1.0 0.0 -1.0 1.0
1.0 -1.0 0.0 -1.0 1.0
1.0 -1.0 0.0 -1.0 1.0
1.0 -1.0 0.0 -1.0 1.0
1.0 -1.0 0.0 -1.0 1.0
1.0 -1.0 0.0 -1.0 1.0
1.0 -1.0 0.0 -1.0 1.0
1.0 -1.0 0.0 -1.0 1.0
1.0 -1.0 0.0 -1.0 1.0
1.0 -1.0 -1.0 -1.0 1.0
1.0 -1.0 -1.0 -1.0 1.0
1.0 -1.0 -1.0 -1.0 1.0
1.0 -1.0 0.0 -1.0 1.0
1.0 -1.0 0.0 -1.0 1.0
1.0 -1.0 0.0 -1.0 1.0
1.0 -1.0 0.0 -1.0 1.0
Fitness: -110.55133019999995
Instances 77: 23-Feb-11
1.0 -1.0 0.0 -1.0 1.0
1.0 -1.0 0.0 -1.0 1.0
1.0 -1.0 0.0 -1.0 1.0
1.0 -1.0 0.0 -1.0 1.0
1.0 -1.0 0.0 -1.0 1.0
1.0 -1.0 0.0 -1.0 1.0
1.0 -1.0 0.0 -1.0 1.0
1.0 -1.0 0.0 -1.0 1.0
1.0 -1.0 0.0 -1.0 1.0
1.0 -1.0 0.0 -1.0 1.0
1.0 -1.0 0.0 -1.0 1.0
1.0 -1.0 0.0 -1.0 1.0
1.0 -1.0 0.0 -1.0 1.0
1.0 -1.0 0.0 -1.0 1.0
1.0 -1.0 0.0 -1.0 1.0
1.0 -1.0 0.0 -1.0 1.0
1.0 -1.0 0.0 -1.0 1.0
1.0 -1.0 -1.0 -1.0 1.0
1.0 -1.0 -1.0 -1.0 1.0
1.0 -1.0 -1.0 -1.0 1.0
1.0 -1.0 0.0 -1.0 1.0
1.0 -1.0 0.0 -1.0 1.0
1.0 -1.0 0.0 -1.0 1.0
1.0 -1.0 0.0 -1.0 1.0
Fitness: 34.48421856000002
Instances 78: 24-Feb-11
1.0 -1.0 0.0 -1.0 1.0
1.0 -1.0 0.0 -1.0 1.0
1.0 -1.0 0.0 -1.0 1.0
1.0 -1.0 0.0 -1.0 1.0
1.0 -1.0 0.0 -1.0 1.0
1.0 -1.0 0.0 -1.0 1.0
1.0 -1.0 0.0 -1.0 1.0
1.0 -1.0 0.0 -1.0 1.0
1.0 -1.0 0.0 -1.0 1.0
1.0 -1.0 0.0 -1.0 1.0
1.0 -1.0 0.0 -1.0 1.0
1.0 -1.0 0.0 -1.0 1.0
1.0 -1.0 0.0 -1.0 1.0
1.0 -1.0 0.0 -1.0 1.0
1.0 -1.0 0.0 -1.0 1.0
1.0 -1.0 0.0 -1.0 1.0
1.0 -1.0 0.0 -1.0 1.0
1.0 -1.0 -1.0 -1.0 1.0
1.0 -1.0 -1.0 -1.0 1.0
1.0 -1.0 -1.0 -1.0 1.0
1.0 -1.0 0.0 -1.0 1.0
1.0 -1.0 0.0 -1.0 1.0
1.0 -1.0 0.0 -1.0 1.0
1.0 -1.0 0.0 -1.0 1.0
Fitness: 168.82280360000001
Instances 79: 25-Feb-11
1.0 -1.0 0.0 -1.0 1.0
1.0 -1.0 0.0 -1.0 1.0
1.0 -1.0 0.0 -1.0 1.0
1.0 -1.0 0.0 -1.0 1.0
1.0 -1.0 0.0 -1.0 1.0
1.0 -1.0 0.0 -1.0 1.0
1.0 -1.0 0.0 -1.0 1.0
1.0 -1.0 0.0 -1.0 1.0
1.0 -1.0 0.0 -1.0 1.0
1.0 -1.0 0.0 -1.0 1.0
1.0 -1.0 0.0 -1.0 1.0
1.0 -1.0 0.0 -1.0 1.0
1.0 -1.0 0.0 -1.0 1.0
1.0 -1.0 0.0 -1.0 1.0
1.0 -1.0 0.0 -1.0 1.0
1.0 -1.0 0.0 -1.0 1.0
1.0 -1.0 0.0 -1.0 1.0
1.0 -1.0 -1.0 -1.0 1.0
1.0 -1.0 -1.0 -1.0 1.0
1.0 -1.0 -1.0 -1.0 1.0
1.0 -1.0 0.0 -1.0 1.0
1.0 -1.0 0.0 -1.0 1.0
1.0 -1.0 0.0 -1.0 1.0
1.0 -1.0 0.0 -1.0 1.0
Fitness: 15.373326040000102
Instances 80: 26-Feb-11
1.0 -1.0 0.0 -1.0 1.0
1.0 -1.0 0.0 -1.0 1.0
1.0 -1.0 0.0 -1.0 1.0
1.0 -1.0 0.0 -1.0 1.0
1.0 -1.0 0.0 -1.0 1.0
1.0 -1.0 0.0 -1.0 1.0
1.0 -1.0 0.0 -1.0 1.0
1.0 -1.0 0.0 -1.0 1.0
1.0 -1.0 0.0 -1.0 1.0
1.0 -1.0 0.0 -1.0 1.0
1.0 -1.0 0.0 -1.0 1.0
1.0 -1.0 0.0 -1.0 1.0
1.0 -1.0 0.0 -1.0 1.0
1.0 -1.0 0.0 -1.0 1.0
1.0 -1.0 0.0 -1.0 1.0
1.0 -1.0 0.0 -1.0 1.0
1.0 -1.0 -1.0 -1.0 1.0
1.0 -1.0 -1.0 -1.0 1.0
1.0 -1.0 -1.0 -1.0 1.0
1.0 -1.0 -1.0 -1.0 1.0
1.0 -1.0 0.0 -1.0 1.0
1.0 -1.0 -1.0 -1.0 1.0
1.0 -1.0 0.0 -1.0 1.0
1.0 -1.0 0.0 -1.0 1.0
Fitness: -94.20371871999998
Instances 81: 27-Feb-11
1.0 -1.0 0.0 -1.0 1.0
1.0 -1.0 0.0 -1.0 1.0
1.0 -1.0 0.0 -1.0 1.0
1.0 -1.0 0.0 -1.0 1.0
1.0 -1.0 0.0 -1.0 1.0
1.0 -1.0 0.0 -1.0 1.0
1.0 -1.0 0.0 -1.0 1.0
1.0 -1.0 0.0 -1.0 1.0
1.0 -1.0 0.0 -1.0 1.0
1.0 -1.0 0.0 -1.0 1.0
1.0 -1.0 0.0 -1.0 1.0
1.0 -1.0 0.0 -1.0 1.0
1.0 -1.0 0.0 -1.0 1.0
1.0 -1.0 0.0 -1.0 1.0
1.0 -1.0 0.0 -1.0 1.0
1.0 -1.0 0.0 -1.0 1.0
1.0 -1.0 -1.0 -1.0 1.0
1.0 -1.0 -1.0 -1.0 1.0
1.0 -1.0 -1.0 -1.0 1.0
1.0 -1.0 -1.0 -1.0 1.0
1.0 -1.0 -1.0 -1.0 1.0
1.0 -1.0 -1.0 -1.0 1.0
1.0 -1.0 0.0 -1.0 1.0
1.0 -1.0 0.0 -1.0 1.0
Fitness: -486.25590449999993
Instances 82: 28-Feb-11
1.0 -1.0 0.0 -1.0 1.0
1.0 -1.0 0.0 -1.0 1.0
1.0 -1.0 0.0 -1.0 1.0
1.0 -1.0 0.0 -1.0 1.0
1.0 -1.0 0.0 -1.0 1.0
1.0 -1.0 0.0 -1.0 1.0
1.0 -1.0 0.0 -1.0 1.0
1.0 -1.0 0.0 -1.0 1.0
1.0 -1.0 0.0 -1.0 1.0
1.0 -1.0 0.0 -1.0 1.0
1.0 -1.0 0.0 -1.0 1.0
1.0 -1.0 0.0 -1.0 1.0
1.0 -1.0 0.0 -1.0 1.0
1.0 -1.0 0.0 -1.0 1.0
1.0 -1.0 0.0 -1.0 1.0
1.0 -1.0 0.0 -1.0 1.0
1.0 -1.0 0.0 -1.0 1.0
1.0 -1.0 -1.0 -1.0 1.0
1.0 -1.0 -1.0 -1.0 1.0
1.0 -1.0 -1.0 -1.0 1.0
1.0 -1.0 -1.0 -1.0 1.0
1.0 -1.0 -1.0 -1.0 1.0
1.0 -1.0 0.0 -1.0 1.0
1.0 -1.0 0.0 -1.0 1.0
Fitness: -291.63176397999996
Instances 83: 21-Mar-11
1.0 -1.0 0.0 -1.0 1.0
1.0 -1.0 0.0 -1.0 1.0
1.0 -1.0 0.0 -1.0 1.0
1.0 -1.0 0.0 -1.0 1.0
1.0 -1.0 0.0 -1.0 1.0
1.0 -1.0 0.0 -1.0 1.0
1.0 -1.0 0.0 -1.0 1.0
1.0 -1.0 0.0 -1.0 1.0
1.0 -1.0 0.0 -1.0 1.0
1.0 -1.0 0.0 -1.0 1.0
1.0 -1.0 0.0 -1.0 1.0
1.0 -1.0 0.0 -1.0 1.0
1.0 -1.0 0.0 -1.0 1.0
1.0 -1.0 0.0 -1.0 1.0
1.0 -1.0 0.0 -1.0 1.0
1.0 -1.0 0.0 -1.0 1.0
1.0 -1.0 0.0 -1.0 1.0
1.0 -1.0 -1.0 -1.0 1.0
1.0 -1.0 -1.0 -1.0 1.0
1.0 -1.0 -1.0 -1.0 1.0
1.0 -1.0 -1.0 -1.0 1.0
1.0 -1.0 -1.0 -1.0 1.0
1.0 -1.0 0.0 -1.0 1.0
1.0 -1.0 0.0 -1.0 1.0
Fitness: -452.96009151999993
Instances 84: 22-Mar-11
1.0 -1.0 0.0 -1.0 1.0
1.0 -1.0 0.0 -1.0 1.0
1.0 -1.0 0.0 -1.0 1.0
1.0 -1.0 0.0 -1.0 1.0
1.0 -1.0 0.0 -1.0 1.0
1.0 -1.0 0.0 -1.0 1.0
1.0 -1.0 0.0 -1.0 1.0
1.0 -1.0 0.0 -1.0 1.0
1.0 -1.0 0.0 -1.0 1.0
1.0 -1.0 0.0 -1.0 1.0
1.0 -1.0 0.0 -1.0 1.0
1.0 -1.0 0.0 -1.0 1.0
1.0 -1.0 0.0 -1.0 1.0
1.0 -1.0 0.0 -1.0 1.0
1.0 -1.0 0.0 -1.0 1.0
1.0 -1.0 0.0 -1.0 1.0
1.0 -1.0 -1.0 -1.0 1.0
1.0 -1.0 -1.0 -1.0 1.0
1.0 -1.0 -1.0 -1.0 1.0
1.0 -1.0 -1.0 -1.0 1.0
1.0 -1.0 -1.0 -1.0 1.0
1.0 -1.0 -1.0 -1.0 1.0
1.0 -1.0 0.0 -1.0 1.0
1.0 -1.0 0.0 -1.0 1.0
Fitness: -369.59723747999993
Instances 85: 23-Mar-11
1.0 -1.0 0.0 -1.0 1.0
1.0 -1.0 0.0 -1.0 1.0
1.0 -1.0 0.0 -1.0 1.0
1.0 -1.0 0.0 -1.0 1.0
1.0 -1.0 0.0 -1.0 1.0
1.0 -1.0 0.0 -1.0 1.0
1.0 -1.0 0.0 -1.0 1.0
1.0 -1.0 0.0 -1.0 1.0
1.0 -1.0 0.0 -1.0 1.0
1.0 -1.0 0.0 -1.0 1.0
1.0 -1.0 0.0 -1.0 1.0
1.0 -1.0 0.0 -1.0 1.0
1.0 -1.0 0.0 -1.0 1.0
1.0 -1.0 0.0 -1.0 1.0
1.0 -1.0 0.0 -1.0 1.0
1.0 -1.0 0.0 -1.0 1.0
1.0 -1.0 -1.0 -1.0 1.0
1.0 -1.0 -1.0 -1.0 1.0
1.0 -1.0 -1.0 -1.0 1.0
1.0 -1.0 -1.0 -1.0 1.0
1.0 -1.0 -1.0 -1.0 1.0
1.0 -1.0 -1.0 -1.0 1.0
1.0 -1.0 0.0 -1.0 1.0
1.0 -1.0 0.0 -1.0 1.0
Fitness: -609.0279751799998
Instances 86: 24-Mar-11
1.0 -1.0 0.0 -1.0 1.0
1.0 -1.0 0.0 -1.0 1.0
1.0 -1.0 0.0 -1.0 1.0
1.0 -1.0 0.0 -1.0 1.0
1.0 -1.0 0.0 -1.0 1.0
1.0 -1.0 0.0 -1.0 1.0
1.0 -1.0 0.0 -1.0 1.0
1.0 -1.0 0.0 -1.0 1.0
1.0 -1.0 0.0 -1.0 1.0
1.0 -1.0 0.0 -1.0 1.0
1.0 -1.0 0.0 -1.0 1.0
1.0 -1.0 0.0 -1.0 1.0
1.0 -1.0 0.0 -1.0 1.0
1.0 -1.0 0.0 -1.0 1.0
1.0 -1.0 0.0 -1.0 1.0
1.0 -1.0 0.0 -1.0 1.0
1.0 -1.0 0.0 -1.0 1.0
1.0 -1.0 -1.0 -1.0 1.0
1.0 -1.0 -1.0 -1.0 1.0
1.0 -1.0 -1.0 -1.0 1.0
1.0 -1.0 0.0 -1.0 1.0
1.0 -1.0 0.0 -1.0 1.0
1.0 -1.0 0.0 -1.0 1.0
1.0 -1.0 0.0 -1.0 1.0
Fitness: -517.9044683599999
Instances 87: 25-Mar-11
1.0 -1.0 0.0 -1.0 1.0
1.0 -1.0 0.0 -1.0 1.0
1.0 -1.0 0.0 -1.0 1.0
1.0 -1.0 0.0 -1.0 1.0
1.0 -1.0 0.0 -1.0 1.0
1.0 -1.0 0.0 -1.0 1.0
1.0 -1.0 0.0 -1.0 1.0
1.0 -1.0 0.0 -1.0 1.0
1.0 -1.0 0.0 -1.0 1.0
1.0 -1.0 0.0 -1.0 1.0
1.0 -1.0 0.0 -1.0 1.0
1.0 -1.0 0.0 -1.0 1.0
1.0 -1.0 0.0 -1.0 1.0
1.0 -1.0 0.0 -1.0 1.0
1.0 -1.0 0.0 -1.0 1.0
1.0 -1.0 0.0 -1.0 1.0
1.0 -1.0 0.0 -1.0 1.0
1.0 -1.0 -1.0 -1.0 1.0
1.0 -1.0 -1.0 -1.0 1.0
1.0 -1.0 -1.0 -1.0 1.0
1.0 -1.0 0.0 -1.0 1.0
1.0 -1.0 0.0 -1.0 1.0
1.0 -1.0 0.0 -1.0 1.0
1.0 -1.0 0.0 -1.0 1.0
Fitness: -768.0633411799998
Instances 88: 26-Mar-11
1.0 -1.0 0.0 -1.0 1.0
1.0 -1.0 0.0 -1.0 1.0
1.0 -1.0 0.0 -1.0 1.0
1.0 -1.0 0.0 -1.0 1.0
1.0 -1.0 0.0 -1.0 1.0
1.0 -1.0 0.0 -1.0 1.0
1.0 -1.0 0.0 -1.0 1.0
1.0 -1.0 0.0 -1.0 1.0
1.0 -1.0 0.0 -1.0 1.0
1.0 -1.0 0.0 -1.0 1.0
1.0 -1.0 0.0 -1.0 1.0
1.0 -1.0 0.0 -1.0 1.0
1.0 -1.0 0.0 -1.0 1.0
1.0 -1.0 0.0 -1.0 1.0
1.0 -1.0 0.0 -1.0 1.0
1.0 -1.0 0.0 -1.0 1.0
1.0 -1.0 0.0 -1.0 1.0
1.0 -1.0 -1.0 -1.0 1.0
1.0 -1.0 -1.0 -1.0 1.0
1.0 -1.0 -1.0 -1.0 1.0
1.0 -1.0 0.0 -1.0 1.0
1.0 -1.0 0.0 -1.0 1.0
1.0 -1.0 0.0 -1.0 1.0
1.0 -1.0 0.0 -1.0 1.0
Fitness: -974.0340217199999
Instances 89: 27-Mar-11
1.0 -1.0 0.0 -1.0 1.0
1.0 -1.0 0.0 -1.0 1.0
1.0 -1.0 0.0 -1.0 1.0
1.0 -1.0 0.0 -1.0 1.0
1.0 -1.0 0.0 -1.0 1.0
1.0 -1.0 0.0 -1.0 1.0
1.0 -1.0 0.0 -1.0 1.0
1.0 -1.0 0.0 -1.0 1.0
1.0 -1.0 0.0 -1.0 1.0
1.0 -1.0 0.0 -1.0 1.0
1.0 -1.0 0.0 -1.0 1.0
1.0 -1.0 0.0 -1.0 1.0
1.0 -1.0 0.0 -1.0 1.0
1.0 -1.0 0.0 -1.0 1.0
1.0 -1.0 0.0 -1.0 1.0
1.0 -1.0 0.0 -1.0 1.0
1.0 -1.0 0.0 -1.0 1.0
1.0 -1.0 -1.0 -1.0 1.0
1.0 -1.0 -1.0 -1.0 1.0
1.0 -1.0 -1.0 -1.0 1.0
1.0 -1.0 0.0 -1.0 1.0
1.0 -1.0 0.0 -1.0 1.0
1.0 -1.0 0.0 -1.0 1.0
1.0 -1.0 0.0 -1.0 1.0
Fitness: -749.9962647599999
Instances 90: 28-Mar-11
1.0 -1.0 0.0 -1.0 1.0
1.0 -1.0 0.0 -1.0 1.0
1.0 -1.0 0.0 -1.0 1.0
1.0 -1.0 0.0 -1.0 1.0
1.0 -1.0 0.0 -1.0 1.0
1.0 -1.0 0.0 -1.0 1.0
1.0 -1.0 0.0 -1.0 1.0
1.0 -1.0 0.0 -1.0 1.0
1.0 -1.0 0.0 -1.0 1.0
1.0 -1.0 0.0 -1.0 1.0
1.0 -1.0 0.0 -1.0 1.0
1.0 -1.0 0.0 -1.0 1.0
1.0 -1.0 0.0 -1.0 1.0
1.0 -1.0 0.0 -1.0 1.0
1.0 -1.0 0.0 -1.0 1.0
1.0 -1.0 0.0 -1.0 1.0
1.0 -1.0 0.0 -1.0 1.0
1.0 -1.0 -1.0 -1.0 1.0
1.0 -1.0 -1.0 -1.0 1.0
1.0 -1.0 -1.0 -1.0 1.0
1.0 -1.0 0.0 -1.0 1.0
1.0 -1.0 0.0 -1.0 1.0
1.0 -1.0 0.0 -1.0 1.0
1.0 -1.0 0.0 -1.0 1.0
Fitness: -435.38054973999994
Instances 91: 29-Mar-11
1.0 -1.0 0.0 -1.0 1.0
1.0 -1.0 0.0 -1.0 1.0
1.0 -1.0 0.0 -1.0 1.0
1.0 -1.0 0.0 -1.0 1.0
1.0 -1.0 0.0 -1.0 1.0
1.0 -1.0 0.0 -1.0 1.0
1.0 -1.0 0.0 -1.0 1.0
1.0 -1.0 0.0 -1.0 1.0
1.0 -1.0 0.0 -1.0 1.0
1.0 -1.0 0.0 -1.0 1.0
1.0 -1.0 0.0 -1.0 1.0
1.0 -1.0 0.0 -1.0 1.0
1.0 -1.0 0.0 -1.0 1.0
1.0 -1.0 0.0 -1.0 1.0
1.0 -1.0 0.0 -1.0 1.0
1.0 -1.0 0.0 -1.0 1.0
1.0 -1.0 0.0 -1.0 1.0
1.0 -1.0 -1.0 -1.0 1.0
1.0 -1.0 -1.0 -1.0 1.0
1.0 -1.0 -1.0 -1.0 1.0
1.0 -1.0 0.0 -1.0 1.0
1.0 -1.0 0.0 -1.0 1.0
1.0 -1.0 0.0 -1.0 1.0
1.0 -1.0 0.0 -1.0 1.0
Fitness: -243.70538045999993
Instances 92: 30-Mar-11
1.0 -1.0 0.0 -1.0 1.0
1.0 -1.0 0.0 -1.0 1.0
1.0 -1.0 0.0 -1.0 1.0
1.0 -1.0 0.0 -1.0 1.0
1.0 -1.0 0.0 -1.0 1.0
1.0 -1.0 0.0 -1.0 1.0
1.0 -1.0 0.0 -1.0 1.0
1.0 -1.0 0.0 -1.0 1.0
1.0 -1.0 0.0 -1.0 1.0
1.0 -1.0 0.0 -1.0 1.0
1.0 -1.0 0.0 -1.0 1.0
1.0 -1.0 0.0 -1.0 1.0
1.0 -1.0 0.0 -1.0 1.0
1.0 -1.0 0.0 -1.0 1.0
1.0 -1.0 0.0 -1.0 1.0
1.0 -1.0 0.0 -1.0 1.0
1.0 -1.0 0.0 -1.0 1.0
1.0 -1.0 -1.0 -1.0 1.0
1.0 -1.0 -1.0 -1.0 1.0
1.0 -1.0 -1.0 -1.0 1.0
1.0 -1.0 0.0 -1.0 1.0
1.0 -1.0 0.0 -1.0 1.0
1.0 -1.0 0.0 -1.0 1.0
1.0 -1.0 0.0 -1.0 1.0
Fitness: -191.20832067999993
Instances 93: 31-Mar-11
1.0 -1.0 0.0 -1.0 1.0
1.0 -1.0 0.0 -1.0 1.0
1.0 -1.0 0.0 -1.0 1.0
1.0 -1.0 0.0 -1.0 1.0
1.0 -1.0 0.0 -1.0 1.0
1.0 -1.0 0.0 -1.0 1.0
1.0 -1.0 0.0 -1.0 1.0
1.0 -1.0 0.0 -1.0 1.0
1.0 -1.0 0.0 -1.0 1.0
1.0 -1.0 0.0 -1.0 1.0
1.0 -1.0 0.0 -1.0 1.0
1.0 -1.0 0.0 -1.0 1.0
1.0 -1.0 0.0 -1.0 1.0
1.0 -1.0 0.0 -1.0 1.0
1.0 -1.0 0.0 -1.0 1.0
1.0 -1.0 0.0 -1.0 1.0
1.0 -1.0 0.0 -1.0 1.0
1.0 -1.0 -1.0 -1.0 1.0
1.0 -1.0 -1.0 -1.0 1.0
1.0 -1.0 -1.0 -1.0 1.0
1.0 -1.0 0.0 -1.0 1.0
1.0 -1.0 0.0 -1.0 1.0
1.0 -1.0 0.0 -1.0 1.0
1.0 -1.0 0.0 -1.0 1.0
Fitness: -586.36074964
Instances 94: 21-Apr-11
1.0 -1.0 0.0 -1.0 1.0
1.0 -1.0 0.0 -1.0 1.0
1.0 -1.0 0.0 -1.0 1.0
1.0 -1.0 0.0 -1.0 1.0
1.0 -1.0 0.0 -1.0 1.0
1.0 -1.0 0.0 -1.0 1.0
1.0 -1.0 0.0 -1.0 1.0
1.0 -1.0 0.0 -1.0 1.0
1.0 -1.0 0.0 -1.0 1.0
1.0 -1.0 0.0 -1.0 1.0
1.0 -1.0 0.0 -1.0 1.0
1.0 -1.0 0.0 -1.0 1.0
1.0 -1.0 0.0 -1.0 1.0
1.0 -1.0 0.0 -1.0 1.0
1.0 -1.0 0.0 -1.0 1.0
1.0 -1.0 0.0 -1.0 1.0
1.0 -1.0 0.0 -1.0 1.0
1.0 -1.0 -1.0 -1.0 1.0
1.0 -1.0 -1.0 -1.0 1.0
1.0 -1.0 -1.0 -1.0 1.0
1.0 -1.0 0.0 -1.0 1.0
1.0 -1.0 0.0 -1.0 1.0
1.0 -1.0 0.0 -1.0 1.0
1.0 -1.0 0.0 -1.0 1.0
Fitness: -674.2246278199999
Instances 95: 22-Apr-11
1.0 -1.0 0.0 -1.0 1.0
1.0 -1.0 0.0 -1.0 1.0
1.0 -1.0 0.0 -1.0 1.0
1.0 -1.0 0.0 -1.0 1.0
1.0 -1.0 0.0 -1.0 1.0
1.0 -1.0 0.0 -1.0 1.0
1.0 -1.0 0.0 -1.0 1.0
1.0 -1.0 0.0 -1.0 1.0
1.0 -1.0 0.0 -1.0 1.0
1.0 -1.0 0.0 -1.0 1.0
1.0 -1.0 0.0 -1.0 1.0
1.0 -1.0 0.0 -1.0 1.0
1.0 -1.0 0.0 -1.0 1.0
1.0 -1.0 0.0 -1.0 1.0
1.0 -1.0 0.0 -1.0 1.0
1.0 -1.0 0.0 -1.0 1.0
1.0 -1.0 0.0 -1.0 1.0
1.0 -1.0 -1.0 -1.0 1.0
1.0 -1.0 -1.0 -1.0 1.0
1.0 -1.0 -1.0 -1.0 1.0
1.0 -1.0 0.0 -1.0 1.0
1.0 -1.0 0.0 -1.0 1.0
1.0 -1.0 0.0 -1.0 1.0
1.0 -1.0 0.0 -1.0 1.0
Fitness: -683.9683185199999
Instances 96: 23-Apr-11
1.0 -1.0 0.0 -1.0 1.0
1.0 -1.0 0.0 -1.0 1.0
1.0 -1.0 0.0 -1.0 1.0
1.0 -1.0 0.0 -1.0 1.0
1.0 -1.0 0.0 -1.0 1.0
1.0 -1.0 0.0 -1.0 1.0
1.0 -1.0 0.0 -1.0 1.0
1.0 -1.0 0.0 -1.0 1.0
1.0 -1.0 0.0 -1.0 1.0
1.0 -1.0 0.0 -1.0 1.0
1.0 -1.0 0.0 -1.0 1.0
1.0 -1.0 0.0 -1.0 1.0
1.0 -1.0 0.0 -1.0 1.0
1.0 -1.0 0.0 -1.0 1.0
1.0 -1.0 0.0 -1.0 1.0
1.0 -1.0 0.0 -1.0 1.0
1.0 -1.0 0.0 -1.0 1.0
1.0 -1.0 -1.0 -1.0 1.0
1.0 -1.0 -1.0 -1.0 1.0
1.0 -1.0 -1.0 -1.0 1.0
1.0 -1.0 0.0 -1.0 1.0
1.0 -1.0 0.0 -1.0 1.0
1.0 -1.0 0.0 -1.0 1.0
1.0 -1.0 0.0 -1.0 1.0
Fitness: -667.2286643399999
Instances 97: 24-Apr-11
1.0 -1.0 0.0 -1.0 1.0
1.0 -1.0 0.0 -1.0 1.0
1.0 -1.0 0.0 -1.0 1.0
1.0 -1.0 0.0 -1.0 1.0
1.0 -1.0 0.0 -1.0 1.0
1.0 -1.0 0.0 -1.0 1.0
1.0 -1.0 0.0 -1.0 1.0
1.0 -1.0 0.0 -1.0 1.0
1.0 -1.0 0.0 -1.0 1.0
1.0 -1.0 0.0 -1.0 1.0
1.0 -1.0 0.0 -1.0 1.0
1.0 -1.0 0.0 -1.0 1.0
1.0 -1.0 0.0 -1.0 1.0
1.0 -1.0 0.0 -1.0 1.0
1.0 -1.0 0.0 -1.0 1.0
1.0 -1.0 0.0 -1.0 1.0
1.0 -1.0 0.0 -1.0 1.0
1.0 -1.0 -1.0 -1.0 1.0
1.0 -1.0 -1.0 -1.0 1.0
1.0 -1.0 -1.0 -1.0 1.0
1.0 -1.0 0.0 -1.0 1.0
1.0 -1.0 0.0 -1.0 1.0
1.0 -1.0 0.0 -1.0 1.0
1.0 -1.0 0.0 -1.0 1.0
Fitness: -416.8813046399999
Instances 98: 25-Apr-11
1.0 -1.0 0.0 -1.0 1.0
1.0 -1.0 0.0 -1.0 1.0
1.0 -1.0 0.0 -1.0 1.0
1.0 -1.0 0.0 -1.0 1.0
1.0 -1.0 0.0 -1.0 1.0
1.0 -1.0 0.0 -1.0 1.0
1.0 -1.0 0.0 -1.0 1.0
1.0 -1.0 0.0 -1.0 1.0
1.0 -1.0 0.0 -1.0 1.0
1.0 -1.0 0.0 -1.0 1.0
1.0 -1.0 0.0 -1.0 1.0
1.0 -1.0 0.0 -1.0 1.0
1.0 -1.0 0.0 -1.0 1.0
1.0 -1.0 0.0 -1.0 1.0
1.0 -1.0 0.0 -1.0 1.0
1.0 -1.0 0.0 -1.0 1.0
1.0 -1.0 0.0 -1.0 1.0
1.0 -1.0 -1.0 -1.0 1.0
1.0 -1.0 -1.0 -1.0 1.0
1.0 -1.0 -1.0 -1.0 1.0
1.0 -1.0 0.0 -1.0 1.0
1.0 -1.0 0.0 -1.0 1.0
1.0 -1.0 0.0 -1.0 1.0
1.0 -1.0 0.0 -1.0 1.0
Fitness: -955.1970997399999
Instances 99: 26-Apr-11
1.0 -1.0 0.0 -1.0 1.0
1.0 -1.0 0.0 -1.0 1.0
1.0 -1.0 0.0 -1.0 1.0
1.0 -1.0 0.0 -1.0 1.0
1.0 -1.0 0.0 -1.0 1.0
1.0 -1.0 0.0 -1.0 1.0
1.0 -1.0 0.0 -1.0 1.0
1.0 -1.0 0.0 -1.0 1.0
1.0 -1.0 0.0 -1.0 1.0
1.0 -1.0 0.0 -1.0 1.0
1.0 -1.0 0.0 -1.0 1.0
1.0 -1.0 0.0 -1.0 1.0
1.0 -1.0 0.0 -1.0 1.0
1.0 -1.0 0.0 -1.0 1.0
1.0 -1.0 0.0 -1.0 1.0
1.0 -1.0 0.0 -1.0 1.0
1.0 -1.0 0.0 -1.0 1.0
1.0 -1.0 -1.0 -1.0 1.0
1.0 -1.0 -1.0 -1.0 1.0
1.0 -1.0 -1.0 -1.0 1.0
1.0 -1.0 0.0 -1.0 1.0
1.0 -1.0 0.0 -1.0 1.0
1.0 -1.0 0.0 -1.0 1.0
1.0 -1.0 0.0 -1.0 1.0
Fitness: -1060.0518855599998
Instances 100: 27-Apr-11
1.0 -1.0 0.0 -1.0 1.0
1.0 -1.0 0.0 -1.0 1.0
1.0 -1.0 0.0 -1.0 1.0
1.0 -1.0 0.0 -1.0 1.0
1.0 -1.0 0.0 -1.0 1.0
1.0 -1.0 0.0 -1.0 1.0
1.0 -1.0 0.0 -1.0 1.0
1.0 -1.0 0.0 -1.0 1.0
1.0 -1.0 0.0 -1.0 1.0
1.0 -1.0 0.0 -1.0 1.0
1.0 -1.0 0.0 -1.0 1.0
1.0 -1.0 0.0 -1.0 1.0
1.0 -1.0 0.0 -1.0 1.0
1.0 -1.0 0.0 -1.0 1.0
1.0 -1.0 0.0 -1.0 1.0
1.0 -1.0 0.0 -1.0 1.0
1.0 -1.0 0.0 -1.0 1.0
1.0 -1.0 -1.0 -1.0 1.0
1.0 -1.0 -1.0 -1.0 1.0
1.0 -1.0 -1.0 -1.0 1.0
1.0 -1.0 0.0 -1.0 1.0
1.0 -1.0 0.0 -1.0 1.0
1.0 -1.0 0.0 -1.0 1.0
1.0 -1.0 0.0 -1.0 1.0
Fitness: -988.7884277800001
Instances 101: 28-Apr-11
1.0 -1.0 0.0 -1.0 1.0
1.0 -1.0 0.0 -1.0 1.0
1.0 -1.0 0.0 -1.0 1.0
1.0 -1.0 0.0 -1.0 1.0
1.0 -1.0 0.0 -1.0 1.0
1.0 -1.0 0.0 -1.0 1.0
1.0 -1.0 0.0 -1.0 1.0
1.0 -1.0 0.0 -1.0 1.0
1.0 -1.0 0.0 -1.0 1.0
1.0 -1.0 0.0 -1.0 1.0
1.0 -1.0 0.0 -1.0 1.0
1.0 -1.0 0.0 -1.0 1.0
1.0 -1.0 0.0 -1.0 1.0
1.0 -1.0 0.0 -1.0 1.0
1.0 -1.0 0.0 -1.0 1.0
1.0 -1.0 0.0 -1.0 1.0
1.0 -1.0 0.0 -1.0 1.0
1.0 -1.0 -1.0 -1.0 1.0
1.0 -1.0 -1.0 -1.0 1.0
1.0 -1.0 -1.0 -1.0 1.0
1.0 -1.0 0.0 -1.0 1.0
1.0 -1.0 0.0 -1.0 1.0
1.0 -1.0 0.0 -1.0 1.0
1.0 -1.0 0.0 -1.0 1.0
Fitness: -933.8112686399999
Instances 102: 29-Apr-11
1.0 -1.0 0.0 -1.0 1.0
1.0 -1.0 0.0 -1.0 1.0
1.0 -1.0 0.0 -1.0 1.0
1.0 -1.0 0.0 -1.0 1.0
1.0 -1.0 0.0 -1.0 1.0
1.0 -1.0 0.0 -1.0 1.0
1.0 -1.0 0.0 -1.0 1.0
1.0 -1.0 0.0 -1.0 1.0
1.0 -1.0 0.0 -1.0 1.0
1.0 -1.0 0.0 -1.0 1.0
1.0 -1.0 0.0 -1.0 1.0
1.0 -1.0 0.0 -1.0 1.0
1.0 -1.0 0.0 -1.0 1.0
1.0 -1.0 0.0 -1.0 1.0
1.0 -1.0 0.0 -1.0 1.0
1.0 -1.0 0.0 -1.0 1.0
1.0 -1.0 0.0 -1.0 1.0
1.0 -1.0 -1.0 -1.0 1.0
1.0 -1.0 -1.0 -1.0 1.0
1.0 -1.0 -1.0 -1.0 1.0
1.0 -1.0 0.0 -1.0 1.0
1.0 -1.0 0.0 -1.0 1.0
1.0 -1.0 0.0 -1.0 1.0
1.0 -1.0 0.0 -1.0 1.0
Fitness: -954.9872529599999
Instances 103: 30-Apr-11
1.0 -1.0 0.0 -1.0 1.0
1.0 -1.0 0.0 -1.0 1.0
1.0 -1.0 0.0 -1.0 1.0
1.0 -1.0 0.0 -1.0 1.0
1.0 -1.0 0.0 -1.0 1.0
1.0 -1.0 0.0 -1.0 1.0
1.0 -1.0 0.0 -1.0 1.0
1.0 -1.0 0.0 -1.0 1.0
1.0 -1.0 0.0 -1.0 1.0
1.0 -1.0 0.0 -1.0 1.0
1.0 -1.0 0.0 -1.0 1.0
1.0 -1.0 0.0 -1.0 1.0
1.0 -1.0 0.0 -1.0 1.0
1.0 -1.0 0.0 -1.0 1.0
1.0 -1.0 0.0 -1.0 1.0
1.0 -1.0 0.0 -1.0 1.0
1.0 -1.0 0.0 -1.0 1.0
1.0 -1.0 -1.0 -1.0 1.0
1.0 -1.0 -1.0 -1.0 1.0
1.0 -1.0 -1.0 -1.0 1.0
1.0 -1.0 0.0 -1.0 1.0
1.0 -1.0 0.0 -1.0 1.0
1.0 -1.0 0.0 -1.0 1.0
1.0 -1.0 0.0 -1.0 1.0
Fitness: -861.9292535399998
Instances 104: 21-May-11
1.0 -1.0 0.0 -1.0 1.0
1.0 -1.0 0.0 -1.0 1.0
1.0 -1.0 0.0 -1.0 1.0
1.0 -1.0 0.0 -1.0 1.0
1.0 -1.0 0.0 -1.0 1.0
1.0 -1.0 0.0 -1.0 1.0
1.0 -1.0 0.0 -1.0 1.0
1.0 -1.0 0.0 -1.0 1.0
1.0 -1.0 0.0 -1.0 1.0
1.0 -1.0 0.0 -1.0 1.0
1.0 -1.0 0.0 -1.0 1.0
1.0 -1.0 0.0 -1.0 1.0
1.0 -1.0 0.0 -1.0 1.0
1.0 -1.0 0.0 -1.0 1.0
1.0 -1.0 0.0 -1.0 1.0
1.0 -1.0 0.0 -1.0 1.0
1.0 -1.0 0.0 -1.0 1.0
1.0 -1.0 -1.0 -1.0 1.0
1.0 -1.0 -1.0 -1.0 1.0
1.0 -1.0 -1.0 -1.0 1.0
1.0 -1.0 0.0 -1.0 1.0
1.0 -1.0 -1.0 -1.0 1.0
1.0 -1.0 0.0 -1.0 1.0
1.0 -1.0 0.0 -1.0 1.0
Fitness: -1615.1091523200002
Instances 105: 22-May-11
1.0 -1.0 0.0 -1.0 1.0
1.0 -1.0 0.0 -1.0 1.0
1.0 -1.0 0.0 -1.0 1.0
1.0 -1.0 0.0 -1.0 1.0
1.0 -1.0 0.0 -1.0 1.0
1.0 -1.0 0.0 -1.0 1.0
1.0 -1.0 0.0 -1.0 1.0
1.0 -1.0 0.0 -1.0 1.0
1.0 -1.0 0.0 -1.0 1.0
1.0 -1.0 0.0 -1.0 1.0
1.0 -1.0 0.0 -1.0 1.0
1.0 -1.0 0.0 -1.0 1.0
1.0 -1.0 0.0 -1.0 1.0
1.0 -1.0 0.0 -1.0 1.0
1.0 -1.0 0.0 -1.0 1.0
1.0 -1.0 0.0 -1.0 1.0
1.0 -1.0 0.0 -1.0 1.0
1.0 -1.0 -1.0 -1.0 1.0
1.0 -1.0 -1.0 -1.0 1.0
1.0 -1.0 -1.0 -1.0 1.0
1.0 -1.0 0.0 -1.0 1.0
1.0 -1.0 -1.0 -1.0 1.0
1.0 -1.0 0.0 -1.0 1.0
1.0 -1.0 0.0 -1.0 1.0
Fitness: -1602.4732753600001
Instances 106: 23-May-11
1.0 -1.0 0.0 -1.0 1.0
1.0 -1.0 0.0 -1.0 1.0
1.0 -1.0 0.0 -1.0 1.0
1.0 -1.0 0.0 -1.0 1.0
1.0 -1.0 0.0 -1.0 1.0
1.0 -1.0 0.0 -1.0 1.0
1.0 -1.0 0.0 -1.0 1.0
1.0 -1.0 0.0 -1.0 1.0
1.0 -1.0 0.0 -1.0 1.0
1.0 -1.0 0.0 -1.0 1.0
1.0 -1.0 0.0 -1.0 1.0
1.0 -1.0 0.0 -1.0 1.0
1.0 -1.0 0.0 -1.0 1.0
1.0 -1.0 0.0 -1.0 1.0
1.0 -1.0 0.0 -1.0 1.0
1.0 -1.0 0.0 -1.0 1.0
1.0 -1.0 0.0 -1.0 1.0
1.0 -1.0 -1.0 -1.0 1.0
1.0 -1.0 -1.0 -1.0 1.0
1.0 -1.0 -1.0 -1.0 1.0
1.0 -1.0 -1.0 -1.0 1.0
1.0 -1.0 -1.0 -1.0 1.0
1.0 -1.0 0.0 -1.0 1.0
1.0 -1.0 0.0 -1.0 1.0
Fitness: -1268.0531858799995
Instances 107: 24-May-11
1.0 -1.0 0.0 -1.0 1.0
1.0 -1.0 0.0 -1.0 1.0
1.0 -1.0 0.0 -1.0 1.0
1.0 -1.0 0.0 -1.0 1.0
1.0 -1.0 0.0 -1.0 1.0
1.0 -1.0 0.0 -1.0 1.0
1.0 -1.0 0.0 -1.0 1.0
1.0 -1.0 0.0 -1.0 1.0
1.0 -1.0 0.0 -1.0 1.0
1.0 -1.0 0.0 -1.0 1.0
1.0 -1.0 0.0 -1.0 1.0
1.0 -1.0 0.0 -1.0 1.0
1.0 -1.0 0.0 -1.0 1.0
1.0 -1.0 0.0 -1.0 1.0
1.0 -1.0 0.0 -1.0 1.0
1.0 -1.0 0.0 -1.0 1.0
1.0 -1.0 0.0 -1.0 1.0
1.0 -1.0 -1.0 -1.0 1.0
1.0 -1.0 -1.0 -1.0 1.0
1.0 -1.0 -1.0 -1.0 1.0
1.0 -1.0 -1.0 -1.0 1.0
1.0 -1.0 -1.0 -1.0 1.0
1.0 -1.0 0.0 -1.0 1.0
1.0 -1.0 0.0 -1.0 1.0
Fitness: -1408.9802748200002
Instances 108: 25-May-11
1.0 -1.0 0.0 -1.0 1.0
1.0 -1.0 0.0 -1.0 1.0
1.0 -1.0 0.0 -1.0 1.0
1.0 -1.0 0.0 -1.0 1.0
1.0 -1.0 0.0 -1.0 1.0
1.0 -1.0 0.0 -1.0 1.0
1.0 -1.0 0.0 -1.0 1.0
1.0 -1.0 0.0 -1.0 1.0
1.0 -1.0 0.0 -1.0 1.0
1.0 -1.0 0.0 -1.0 1.0
1.0 -1.0 0.0 -1.0 1.0
1.0 -1.0 0.0 -1.0 1.0
1.0 -1.0 0.0 -1.0 1.0
1.0 -1.0 0.0 -1.0 1.0
1.0 -1.0 0.0 -1.0 1.0
1.0 -1.0 0.0 -1.0 1.0
1.0 -1.0 -1.0 -1.0 1.0
1.0 -1.0 -1.0 -1.0 1.0
1.0 -1.0 -1.0 -1.0 1.0
1.0 -1.0 -1.0 -1.0 1.0
1.0 -1.0 -1.0 -1.0 1.0
1.0 -1.0 -1.0 -1.0 1.0
1.0 -1.0 -1.0 -1.0 1.0
1.0 -1.0 0.0 -1.0 1.0
Fitness: -2053.9918148599995
Instances 109: 26-May-11
1.0 -1.0 0.0 -1.0 1.0
1.0 -1.0 0.0 -1.0 1.0
1.0 -1.0 0.0 -1.0 1.0
1.0 -1.0 0.0 -1.0 1.0
1.0 -1.0 0.0 -1.0 1.0
1.0 -1.0 0.0 -1.0 1.0
1.0 -1.0 0.0 -1.0 1.0
1.0 -1.0 0.0 -1.0 1.0
1.0 -1.0 0.0 -1.0 1.0
1.0 -1.0 0.0 -1.0 1.0
1.0 -1.0 0.0 -1.0 1.0
1.0 -1.0 0.0 -1.0 1.0
1.0 -1.0 0.0 -1.0 1.0
1.0 -1.0 0.0 -1.0 1.0
1.0 -1.0 0.0 -1.0 1.0
1.0 -1.0 0.0 -1.0 1.0
1.0 -1.0 -1.0 -1.0 1.0
1.0 -1.0 -1.0 -1.0 1.0
1.0 -1.0 -1.0 -1.0 1.0
1.0 -1.0 -1.0 -1.0 1.0
1.0 -1.0 -1.0 -1.0 1.0
1.0 -1.0 -1.0 -1.0 1.0
1.0 -1.0 -1.0 -1.0 1.0
1.0 -1.0 0.0 -1.0 1.0
Fitness: -1893.7108330799997
Instances 110: 27-May-11
1.0 -1.0 1.0 -1.0 1.0
1.0 -1.0 0.0 -1.0 1.0
1.0 -1.0 0.0 -1.0 1.0
1.0 -1.0 0.0 -1.0 1.0
1.0 -1.0 0.0 -1.0 1.0
1.0 -1.0 0.0 -1.0 1.0
1.0 -1.0 0.0 -1.0 1.0
1.0 -1.0 0.0 -1.0 1.0
1.0 -1.0 0.0 -1.0 1.0
1.0 -1.0 0.0 -1.0 1.0
1.0 -1.0 0.0 -1.0 1.0
1.0 -1.0 0.0 -1.0 1.0
1.0 -1.0 0.0 -1.0 1.0
1.0 -1.0 0.0 -1.0 1.0
1.0 -1.0 0.0 -1.0 1.0
1.0 -1.0 0.0 -1.0 1.0
1.0 -1.0 -1.0 -1.0 1.0
1.0 -1.0 -1.0 -1.0 1.0
1.0 -1.0 -1.0 -1.0 1.0
1.0 -1.0 -1.0 -1.0 1.0
1.0 -1.0 -1.0 -1.0 1.0
1.0 -1.0 -1.0 -1.0 1.0
1.0 -1.0 -1.0 -1.0 1.0
1.0 -1.0 0.0 -1.0 1.0
Fitness: -1998.0537640999999
Instances 111: 28-May-11
1.0 -1.0 1.0 -1.0 1.0
1.0 -1.0 0.0 -1.0 1.0
1.0 -1.0 0.0 -1.0 1.0
1.0 -1.0 0.0 -1.0 1.0
1.0 -1.0 0.0 -1.0 1.0
1.0 -1.0 0.0 -1.0 1.0
1.0 -1.0 0.0 -1.0 1.0
1.0 -1.0 0.0 -1.0 1.0
1.0 -1.0 0.0 -1.0 1.0
1.0 -1.0 0.0 -1.0 1.0
1.0 -1.0 0.0 -1.0 1.0
1.0 -1.0 0.0 -1.0 1.0
1.0 -1.0 0.0 -1.0 1.0
1.0 -1.0 0.0 -1.0 1.0
1.0 -1.0 0.0 -1.0 1.0
1.0 -1.0 -1.0 -1.0 1.0
1.0 -1.0 -1.0 -1.0 1.0
1.0 -1.0 -1.0 -1.0 1.0
1.0 -1.0 -1.0 -1.0 1.0
1.0 -1.0 -1.0 -1.0 1.0
1.0 -1.0 -1.0 -1.0 1.0
1.0 -1.0 -1.0 -1.0 1.0
1.0 -1.0 0.0 -1.0 1.0
1.0 -1.0 0.0 -1.0 1.0
Fitness: -2373.998702502339
Instances 112: 29-May-11
1.0 -1.0 1.0 -1.0 1.0
1.0 -1.0 0.0 -1.0 1.0
1.0 -1.0 0.0 -1.0 1.0
1.0 -1.0 0.0 -1.0 1.0
1.0 -1.0 0.0 -1.0 1.0
1.0 -1.0 0.0 -1.0 1.0
1.0 -1.0 0.0 -1.0 1.0
1.0 -1.0 0.0 -1.0 1.0
1.0 -1.0 0.0 -1.0 1.0
1.0 -1.0 0.0 -1.0 1.0
1.0 -1.0 0.0 -1.0 1.0
1.0 -1.0 0.0 -1.0 1.0
1.0 -1.0 0.0 -1.0 1.0
1.0 -1.0 0.0 -1.0 1.0
1.0 -1.0 0.0 -1.0 1.0
1.0 -1.0 -1.0 -1.0 1.0
1.0 -1.0 -1.0 -1.0 1.0
1.0 -1.0 -1.0 -1.0 1.0
1.0 -1.0 -1.0 -1.0 1.0
1.0 -1.0 -1.0 -1.0 1.0
1.0 -1.0 -1.0 -1.0 1.0
1.0 -1.0 -1.0 -1.0 1.0
1.0 -1.0 0.0 -1.0 1.0
1.0 -1.0 0.0 -1.0 1.0
Fitness: -2145.8523574490646
Instances 113: 30-May-11
1.0 -1.0 0.0 -1.0 1.0
1.0 -1.0 0.0 -1.0 1.0
1.0 -1.0 0.0 -1.0 1.0
1.0 -1.0 0.0 -1.0 1.0
1.0 -1.0 0.0 -1.0 1.0
1.0 -1.0 0.0 -1.0 1.0
1.0 -1.0 0.0 -1.0 1.0
1.0 -1.0 0.0 -1.0 1.0
1.0 -1.0 0.0 -1.0 1.0
1.0 -1.0 0.0 -1.0 1.0
1.0 -1.0 0.0 -1.0 1.0
1.0 -1.0 0.0 -1.0 1.0
1.0 -1.0 0.0 -1.0 1.0
1.0 -1.0 0.0 -1.0 1.0
1.0 -1.0 0.0 -1.0 1.0
1.0 -1.0 0.0 -1.0 1.0
1.0 -1.0 -1.0 -1.0 1.0
1.0 -1.0 -1.0 -1.0 1.0
1.0 -1.0 -1.0 -1.0 1.0
1.0 -1.0 -1.0 -1.0 1.0
1.0 -1.0 -1.0 -1.0 1.0
1.0 -1.0 -1.0 -1.0 1.0
1.0 -1.0 0.0 -1.0 1.0
1.0 -1.0 0.0 -1.0 1.0
Fitness: -2072.05909458
Instances 114: 31-May-11
1.0 -1.0 0.0 -1.0 1.0
1.0 -1.0 0.0 -1.0 1.0
1.0 -1.0 0.0 -1.0 1.0
1.0 -1.0 0.0 -1.0 1.0
1.0 -1.0 0.0 -1.0 1.0
1.0 -1.0 0.0 -1.0 1.0
1.0 -1.0 0.0 -1.0 1.0
1.0 -1.0 0.0 -1.0 1.0
1.0 -1.0 0.0 -1.0 1.0
1.0 -1.0 0.0 -1.0 1.0
1.0 -1.0 0.0 -1.0 1.0
1.0 -1.0 0.0 -1.0 1.0
1.0 -1.0 0.0 -1.0 1.0
1.0 -1.0 0.0 -1.0 1.0
1.0 -1.0 0.0 -1.0 1.0
1.0 -1.0 0.0 -1.0 1.0
1.0 -1.0 -1.0 -1.0 1.0
1.0 -1.0 -1.0 -1.0 1.0
1.0 -1.0 -1.0 -1.0 1.0
1.0 -1.0 -1.0 -1.0 1.0
1.0 -1.0 -1.0 -1.0 1.0
1.0 -1.0 -1.0 -1.0 1.0
1.0 -1.0 0.0 -1.0 1.0
1.0 -1.0 0.0 -1.0 1.0
Fitness: -1888.9405093399996
Instances 115: 21-Jun-11
1.0 -1.0 0.0 -1.0 1.0
1.0 -1.0 0.0 -1.0 1.0
1.0 -1.0 0.0 -1.0 1.0
1.0 -1.0 0.0 -1.0 1.0
1.0 -1.0 0.0 -1.0 1.0
1.0 -1.0 0.0 -1.0 1.0
1.0 -1.0 0.0 -1.0 1.0
1.0 -1.0 0.0 -1.0 1.0
1.0 -1.0 0.0 -1.0 1.0
1.0 -1.0 0.0 -1.0 1.0
1.0 -1.0 0.0 -1.0 1.0
1.0 -1.0 0.0 -1.0 1.0
1.0 -1.0 0.0 -1.0 1.0
1.0 -1.0 0.0 -1.0 1.0
1.0 -1.0 0.0 -1.0 1.0
1.0 -1.0 0.0 -1.0 1.0
1.0 -1.0 -1.0 -1.0 1.0
1.0 -1.0 -1.0 -1.0 1.0
1.0 -1.0 -1.0 -1.0 1.0
1.0 -1.0 -1.0 -1.0 1.0
1.0 -1.0 -1.0 -1.0 1.0
1.0 -1.0 -1.0 -1.0 1.0
1.0 -1.0 -1.0 -1.0 1.0
1.0 -1.0 0.0 -1.0 1.0
Fitness: -3205.8599967447312
Instances 116: 22-Jun-11
1.0 -1.0 0.0 -1.0 1.0
1.0 -1.0 0.0 -1.0 1.0
1.0 -1.0 0.0 -1.0 1.0
1.0 -1.0 0.0 -1.0 1.0
1.0 -1.0 0.0 -1.0 1.0
1.0 -1.0 0.0 -1.0 1.0
1.0 -1.0 0.0 -1.0 1.0
1.0 -1.0 0.0 -1.0 1.0
1.0 -1.0 0.0 -1.0 1.0
1.0 -1.0 0.0 -1.0 1.0
1.0 -1.0 0.0 -1.0 1.0
1.0 -1.0 0.0 -1.0 1.0
1.0 -1.0 0.0 -1.0 1.0
1.0 -1.0 0.0 -1.0 1.0
1.0 -1.0 0.0 -1.0 1.0
1.0 -1.0 0.0 -1.0 1.0
1.0 -1.0 -1.0 -1.0 1.0
1.0 -1.0 -1.0 -1.0 1.0
1.0 -1.0 -1.0 -1.0 1.0
1.0 -1.0 -1.0 -1.0 1.0
1.0 -1.0 -1.0 -1.0 1.0
1.0 -1.0 -1.0 -1.0 1.0
1.0 -1.0 -1.0 -1.0 1.0
1.0 -1.0 0.0 -1.0 1.0
Fitness: -3280.5991992676745
Instances 117: 23-Jun-11
1.0 -1.0 1.0 -1.0 1.0
1.0 -1.0 0.0 -1.0 1.0
1.0 -1.0 0.0 -1.0 1.0
1.0 -1.0 0.0 -1.0 1.0
1.0 -1.0 0.0 -1.0 1.0
1.0 -1.0 0.0 -1.0 1.0
1.0 -1.0 0.0 -1.0 1.0
1.0 -1.0 0.0 -1.0 1.0
1.0 -1.0 0.0 -1.0 1.0
1.0 -1.0 0.0 -1.0 1.0
1.0 -1.0 0.0 -1.0 1.0
1.0 -1.0 0.0 -1.0 1.0
1.0 -1.0 0.0 -1.0 1.0
1.0 -1.0 0.0 -1.0 1.0
1.0 -1.0 0.0 -1.0 1.0
1.0 -1.0 0.0 -1.0 1.0
1.0 -1.0 -1.0 -1.0 1.0
1.0 -1.0 -1.0 -1.0 1.0
1.0 -1.0 -1.0 -1.0 1.0
1.0 -1.0 -1.0 -1.0 1.0
1.0 -1.0 -1.0 -1.0 1.0
1.0 -1.0 -1.0 -1.0 1.0
1.0 -1.0 0.0 -1.0 1.0
1.0 -1.0 0.0 -1.0 1.0
Fitness: -3171.3151478062614
Instances 118: 24-Jun-11
1.0 -1.0 1.0 -1.0 1.0
1.0 -1.0 0.0 -1.0 1.0
1.0 -1.0 0.0 -1.0 1.0
1.0 -1.0 0.0 -1.0 1.0
1.0 -1.0 0.0 -1.0 1.0
1.0 -1.0 0.0 -1.0 1.0
1.0 -1.0 0.0 -1.0 1.0
1.0 -1.0 0.0 -1.0 1.0
1.0 -1.0 0.0 -1.0 1.0
1.0 -1.0 0.0 -1.0 1.0
1.0 -1.0 0.0 -1.0 1.0
1.0 -1.0 0.0 -1.0 1.0
1.0 -1.0 0.0 -1.0 1.0
1.0 -1.0 0.0 -1.0 1.0
1.0 -1.0 0.0 -1.0 1.0
1.0 -1.0 0.0 -1.0 1.0
1.0 -1.0 -1.0 -1.0 1.0
1.0 -1.0 -1.0 -1.0 1.0
1.0 -1.0 -1.0 -1.0 1.0
1.0 -1.0 -1.0 -1.0 1.0
1.0 -1.0 -1.0 -1.0 1.0
1.0 -1.0 -1.0 -1.0 1.0
1.0 -1.0 -1.0 -1.0 1.0
1.0 -1.0 0.0 -1.0 1.0
Fitness: -3142.71716810396
Instances 119: 25-Jun-11
1.0 -1.0 1.0 -1.0 1.0
1.0 -1.0 0.0 -1.0 1.0
1.0 -1.0 0.0 -1.0 1.0
1.0 -1.0 0.0 -1.0 1.0
1.0 -1.0 0.0 -1.0 1.0
1.0 -1.0 0.0 -1.0 1.0
1.0 -1.0 0.0 -1.0 1.0
1.0 -1.0 0.0 -1.0 1.0
1.0 -1.0 0.0 -1.0 1.0
1.0 -1.0 0.0 -1.0 1.0
1.0 -1.0 0.0 -1.0 1.0
1.0 -1.0 0.0 -1.0 1.0
1.0 -1.0 0.0 -1.0 1.0
1.0 -1.0 0.0 -1.0 1.0
1.0 -1.0 0.0 -1.0 1.0
1.0 -1.0 0.0 -1.0 1.0
1.0 -1.0 -1.0 -1.0 1.0
1.0 -1.0 -1.0 -1.0 1.0
1.0 -1.0 -1.0 -1.0 1.0
1.0 -1.0 -1.0 -1.0 1.0
1.0 -1.0 -1.0 -1.0 1.0
1.0 -1.0 -1.0 -1.0 1.0
1.0 -1.0 -1.0 -1.0 1.0
1.0 -1.0 0.0 -1.0 1.0
Fitness: -3030.664985744321
Instances 120: 26-Jun-11
1.0 -1.0 1.0 -1.0 1.0
1.0 -1.0 0.0 -1.0 1.0
1.0 -1.0 0.0 -1.0 1.0
1.0 -1.0 0.0 -1.0 1.0
1.0 -1.0 0.0 -1.0 1.0
1.0 -1.0 0.0 -1.0 1.0
1.0 -1.0 0.0 -1.0 1.0
1.0 -1.0 0.0 -1.0 1.0
1.0 -1.0 0.0 -1.0 1.0
1.0 -1.0 0.0 -1.0 1.0
1.0 -1.0 0.0 -1.0 1.0
1.0 -1.0 0.0 -1.0 1.0
1.0 -1.0 0.0 -1.0 1.0
1.0 -1.0 0.0 -1.0 1.0
1.0 -1.0 0.0 -1.0 1.0
1.0 -1.0 0.0 -1.0 1.0
1.0 -1.0 -1.0 -1.0 1.0
1.0 -1.0 -1.0 -1.0 1.0
1.0 -1.0 -1.0 -1.0 1.0
1.0 -1.0 -1.0 -1.0 1.0
1.0 -1.0 -1.0 -1.0 1.0
1.0 -1.0 -1.0 -1.0 1.0
1.0 -1.0 -1.0 -1.0 1.0
1.0 -1.0 0.0 -1.0 1.0
Fitness: -2837.6997301502133
Instances 121: 27-Jun-11
1.0 -1.0 1.0 -1.0 1.0
1.0 -1.0 0.0 -1.0 1.0
1.0 -1.0 0.0 -1.0 1.0
1.0 -1.0 0.0 -1.0 1.0
1.0 -1.0 0.0 -1.0 1.0
1.0 -1.0 0.0 -1.0 1.0
1.0 -1.0 0.0 -1.0 1.0
1.0 -1.0 0.0 -1.0 1.0
1.0 -1.0 0.0 -1.0 1.0
1.0 -1.0 0.0 -1.0 1.0
1.0 -1.0 0.0 -1.0 1.0
1.0 -1.0 0.0 -1.0 1.0
1.0 -1.0 0.0 -1.0 1.0
1.0 -1.0 0.0 -1.0 1.0
1.0 -1.0 0.0 -1.0 1.0
1.0 -1.0 0.0 -1.0 1.0
1.0 -1.0 -1.0 -1.0 1.0
1.0 -1.0 -1.0 -1.0 1.0
1.0 -1.0 -1.0 -1.0 1.0
1.0 -1.0 -1.0 -1.0 1.0
1.0 -1.0 -1.0 -1.0 1.0
1.0 -1.0 -1.0 -1.0 1.0
1.0 -1.0 0.0 -1.0 1.0
1.0 -1.0 0.0 -1.0 1.0
Fitness: -2393.296229566051
Instances 122: 28-Jun-11
1.0 -1.0 0.0 -1.0 1.0
1.0 -1.0 0.0 -1.0 1.0
1.0 -1.0 0.0 -1.0 1.0
1.0 -1.0 0.0 -1.0 1.0
1.0 -1.0 0.0 -1.0 1.0
1.0 -1.0 0.0 -1.0 1.0
1.0 -1.0 0.0 -1.0 1.0
1.0 -1.0 0.0 -1.0 1.0
1.0 -1.0 0.0 -1.0 1.0
1.0 -1.0 0.0 -1.0 1.0
1.0 -1.0 0.0 -1.0 1.0
1.0 -1.0 0.0 -1.0 1.0
1.0 -1.0 0.0 -1.0 1.0
1.0 -1.0 0.0 -1.0 1.0
1.0 -1.0 0.0 -1.0 1.0
1.0 -1.0 0.0 -1.0 1.0
1.0 -1.0 -1.0 -1.0 1.0
1.0 -1.0 -1.0 -1.0 1.0
1.0 -1.0 -1.0 -1.0 1.0
1.0 -1.0 -1.0 -1.0 1.0
1.0 -1.0 -1.0 -1.0 1.0
1.0 -1.0 -1.0 -1.0 1.0
1.0 -1.0 0.0 -1.0 1.0
1.0 -1.0 0.0 -1.0 1.0
Fitness: -2973.1440535465176
Instances 123: 29-Jun-11
1.0 -1.0 0.0 -1.0 1.0
1.0 -1.0 0.0 -1.0 1.0
1.0 -1.0 0.0 -1.0 1.0
1.0 -1.0 0.0 -1.0 1.0
1.0 -1.0 0.0 -1.0 1.0
1.0 -1.0 0.0 -1.0 1.0
1.0 -1.0 0.0 -1.0 1.0
1.0 -1.0 0.0 -1.0 1.0
1.0 -1.0 0.0 -1.0 1.0
1.0 -1.0 0.0 -1.0 1.0
1.0 -1.0 0.0 -1.0 1.0
1.0 -1.0 0.0 -1.0 1.0
1.0 -1.0 0.0 -1.0 1.0
1.0 -1.0 0.0 -1.0 1.0
1.0 -1.0 0.0 -1.0 1.0
1.0 -1.0 0.0 -1.0 1.0
1.0 -1.0 -1.0 -1.0 1.0
1.0 -1.0 -1.0 -1.0 1.0
1.0 -1.0 -1.0 -1.0 1.0
1.0 -1.0 -1.0 -1.0 1.0
1.0 -1.0 -1.0 -1.0 1.0
1.0 -1.0 -1.0 -1.0 1.0
1.0 -1.0 -1.0 -1.0 1.0
1.0 -1.0 0.0 -1.0 1.0
Fitness: -2832.845134583305
Instances 124: 30-Jun-11
1.0 -1.0 0.0 -1.0 1.0
1.0 -1.0 0.0 -1.0 1.0
1.0 -1.0 0.0 -1.0 1.0
1.0 -1.0 0.0 -1.0 1.0
1.0 -1.0 0.0 -1.0 1.0
1.0 -1.0 0.0 -1.0 1.0
1.0 -1.0 0.0 -1.0 1.0
1.0 -1.0 0.0 -1.0 1.0
1.0 -1.0 0.0 -1.0 1.0
1.0 -1.0 0.0 -1.0 1.0
1.0 -1.0 0.0 -1.0 1.0
1.0 -1.0 0.0 -1.0 1.0
1.0 -1.0 0.0 -1.0 1.0
1.0 -1.0 0.0 -1.0 1.0
1.0 -1.0 0.0 -1.0 1.0
1.0 -1.0 0.0 -1.0 1.0
1.0 -1.0 -1.0 -1.0 1.0
1.0 -1.0 -1.0 -1.0 1.0
1.0 -1.0 -1.0 -1.0 1.0
1.0 -1.0 -1.0 -1.0 1.0
1.0 -1.0 -1.0 -1.0 1.0
1.0 -1.0 -1.0 -1.0 1.0
1.0 -1.0 0.0 -1.0 1.0
1.0 -1.0 0.0 -1.0 1.0
Fitness: -3118.943483698863
