-4191.201010905888
-4094.1816249343346
-3540.10536816856
-3373.1319637075917
-3985.6692930089876
-3866.953562200793
-3885.182222621164
-3868.7086377655014
-3492.475268201291
-3048.634130851492
-3124.6184128218724
-2298.80544843959
-2174.44958971772
-4119.8129306486535
-3339.9672321942458
-3039.996912672638
-3010.5751941008784
-3079.439644729218
-2797.501585048843
-2999.5050668401664
-2888.4496856577157
-2160.491499842595
-1410.8367389999999
-952.92560788
-1383.42715114
-923.09776828
-1116.1393225799998
-1267.1058336599997
-1251.6931409999997
-1942.0105865399994
-1754.84632986
-1243.17086324
-120.94720779999994
-304.26525172
-417.42718745999997
-1313.0044978999997
-629.7416388199999
-493.2060138
-977.5660247399999
-763.2658362000001
-737.3533335199999
-209.76743528
-308.02348314
181.60294718000006
160.1626177400001
177.50212146000007
144.10084412
172.96686778000006
49.0525217400001
92.09075359999997
-291.50191742
-203.89726645999997
-209.58813765999994
270.88169070000004
156.19950192000007
-89.32652980000003
-32.727898379999914
-136.81111111999988
-373.4481192799999
-352.40748113999985
-114.86360887999992
161.74538564000005
2.2592334000001024
-112.93905083999994
-47.08651065999997
-38.280393939999996
-102.05410065999992
-771.1503335799999
-498.47178677999995
-1271.2753200599998
-721.66830422
-269.11051454
32.616293140000096
-205.09390455999994
-755.8224227999999
-343.8900594199999
-110.55133019999995
34.48421856000002
168.82280360000001
15.373326040000102
-94.20371871999998
-486.25590449999993
-291.63176397999996
-452.96009151999993
-369.59723747999993
-609.0279751799998
-517.9044683599999
-768.0633411799998
-974.0340217199999
-749.9962647599999
-435.38054973999994
-243.70538045999993
-191.20832067999993
-586.36074964
-674.2246278199999
-683.9683185199999
-667.2286643399999
-416.8813046399999
-955.1970997399999
-1060.0518855599998
-988.7884277800001
-933.8112686399999
-954.9872529599999
-861.9292535399998
-1615.1091523200002
-1602.4732753600001
-1268.0531858799995
-1408.9802748200002
-2053.9918148599995
-1893.7108330799997
-1998.0537640999999
-2373.998702502339
-2145.8523574490646
-2072.05909458
-1888.9405093399996
-3205.8599967447312
-3280.5991992676745
-3171.3151478062614
-3142.71716810396
-3030.664985744321
-2837.6997301502133
-2393.296229566051
-2973.1440535465176
-2832.845134583305
-3118.943483698863
