1.6726694064444272
1.4619799814671544
1.9831994231139949
1.8977584580916778
1.2931409503485154
1.1160176984793442
1.0471190335114786
1.1960546510084973
1.2717995809005762
1.1138056899859048
1.328423998918245
1.499632957988868
1.1418067877326004
1.2649257492609889
1.3029188867343808
0.9532201421531394
1.0530538626856707
0.9209483109629977
1.4676795296582468
1.4570294820438072
1.361913109564127
1.8328734785714522
1.4815569666615462
1.009063902028654
-1.1920139313052145
-1.1124806396491465
-0.7675429796584582
0.9480548172484173
-0.47464557674610824
-1.2807224777568593
-3.5107797926985347
-1.8521244193433584
-1.124675186487704
-2.0950273550975873
0.5156027589289046
-7.865121895960715
0.11471386699720226
1.426496294424868
1.9409252561642578
-1.689934366166578
-3.893978641495399
-0.8429391300648159
-2.0575738566198334
1.461108994596008
1.4705977477437417
