Instances 0: 21-Jan-17
1.0 -1.0 -1.0 -1.0 1.0
1.0 -1.0 -1.0 -1.0 1.0
1.0 -1.0 -1.0 -1.0 1.0
1.0 -1.0 -1.0 -1.0 1.0
1.0 -1.0 -1.0 -1.0 1.0
1.0 -1.0 -1.0 -1.0 1.0
1.0 -1.0 -1.0 -1.0 1.0
1.0 -1.0 -1.0 -1.0 1.0
1.0 -1.0 -1.0 -1.0 1.0
1.0 -1.0 -1.0 -1.0 1.0
1.0 -1.0 -1.0 -1.0 1.0
1.0 -1.0 -1.0 -1.0 1.0
1.0 -1.0 -1.0 -1.0 1.0
1.0 -1.0 -1.0 -1.0 1.0
1.0 -1.0 -1.0 -1.0 1.0
1.0 -1.0 -1.0 -1.0 1.0
1.0 -1.0 -1.0 -1.0 1.0
1.0 -1.0 -1.0 -1.0 1.0
1.0 -1.0 -1.0 -1.0 1.0
1.0 -1.0 -1.0 -1.0 1.0
1.0 -1.0 -1.0 -1.0 1.0
1.0 -1.0 -1.0 -1.0 1.0
1.0 -1.0 -1.0 -1.0 1.0
1.0 -1.0 -1.0 -1.0 1.0
Fitness: -13262.945999016612
Instances 1: 22-Jan-17
1.0 -1.0 -1.0 -1.0 1.0
1.0 -1.0 -1.0 -1.0 1.0
1.0 -1.0 -1.0 -1.0 1.0
1.0 -1.0 -1.0 -1.0 1.0
1.0 -1.0 -1.0 -1.0 1.0
1.0 -1.0 -1.0 -1.0 1.0
1.0 -1.0 -1.0 -1.0 1.0
1.0 -1.0 -1.0 -1.0 1.0
1.0 -1.0 -1.0 -1.0 1.0
1.0 -1.0 -1.0 -1.0 1.0
1.0 -1.0 -1.0 -1.0 1.0
1.0 -1.0 -1.0 -1.0 1.0
1.0 -1.0 -1.0 -1.0 1.0
1.0 -1.0 -1.0 -1.0 1.0
1.0 -1.0 -1.0 -1.0 1.0
1.0 -1.0 -1.0 -1.0 1.0
1.0 -1.0 -1.0 -1.0 1.0
1.0 -1.0 -1.0 -1.0 1.0
1.0 -1.0 -1.0 -1.0 1.0
1.0 -1.0 -1.0 -1.0 1.0
1.0 -1.0 -1.0 -1.0 1.0
1.0 -1.0 -1.0 -1.0 1.0
1.0 -1.0 -1.0 -1.0 1.0
1.0 -1.0 -1.0 -1.0 1.0
Fitness: -14552.749814609688
Instances 2: 23-Jan-17
1.0 -1.0 -1.0 -1.0 1.0
1.0 -1.0 -1.0 -1.0 1.0
1.0 -1.0 -1.0 -1.0 1.0
1.0 -1.0 -1.0 -1.0 1.0
1.0 -1.0 -1.0 -1.0 1.0
1.0 -1.0 -1.0 -1.0 1.0
1.0 -1.0 -1.0 -1.0 1.0
1.0 -1.0 -1.0 -1.0 1.0
1.0 -1.0 -1.0 -1.0 1.0
1.0 -1.0 -1.0 -1.0 1.0
1.0 -1.0 -1.0 -1.0 1.0
1.0 -1.0 -1.0 -1.0 1.0
1.0 -1.0 -1.0 -1.0 1.0
1.0 -1.0 -1.0 -1.0 1.0
1.0 -1.0 -1.0 -1.0 1.0
1.0 -1.0 -1.0 -1.0 1.0
1.0 -1.0 -1.0 -1.0 1.0
1.0 -1.0 -1.0 -1.0 1.0
1.0 -1.0 -1.0 -1.0 1.0
1.0 -1.0 -1.0 -1.0 1.0
1.0 -1.0 -1.0 -1.0 1.0
1.0 -1.0 -1.0 -1.0 1.0
1.0 -1.0 -1.0 -1.0 1.0
1.0 -1.0 -1.0 -1.0 1.0
Fitness: -13467.783032784115
Instances 3: 24-Jan-17
1.0 -1.0 -1.0 -1.0 1.0
1.0 -1.0 -1.0 -1.0 1.0
1.0 -1.0 -1.0 -1.0 1.0
1.0 -1.0 -1.0 -1.0 1.0
1.0 -1.0 -1.0 -1.0 1.0
1.0 -1.0 -1.0 -1.0 1.0
1.0 -1.0 -1.0 -1.0 1.0
1.0 -1.0 -1.0 -1.0 1.0
1.0 -1.0 -1.0 -1.0 1.0
1.0 -1.0 -1.0 -1.0 1.0
1.0 -1.0 -1.0 -1.0 1.0
1.0 -1.0 -1.0 -1.0 1.0
1.0 -1.0 -1.0 -1.0 1.0
1.0 -1.0 -1.0 -1.0 1.0
1.0 -1.0 -1.0 -1.0 1.0
1.0 -1.0 -1.0 -1.0 1.0
1.0 -1.0 -1.0 -1.0 1.0
1.0 -1.0 -1.0 -1.0 1.0
1.0 -1.0 -1.0 -1.0 1.0
1.0 -1.0 -1.0 -1.0 1.0
1.0 -1.0 -1.0 -1.0 1.0
1.0 -1.0 -1.0 -1.0 1.0
1.0 -1.0 -1.0 -1.0 1.0
1.0 -1.0 -1.0 -1.0 1.0
Fitness: -14261.676468715064
Instances 4: 25-Jan-17
1.0 -1.0 -1.0 -1.0 1.0
1.0 -1.0 -1.0 -1.0 1.0
1.0 -1.0 -1.0 -1.0 1.0
1.0 -1.0 -1.0 -1.0 1.0
1.0 -1.0 -1.0 -1.0 1.0
1.0 -1.0 -1.0 -1.0 1.0
1.0 -1.0 -1.0 -1.0 1.0
1.0 -1.0 -1.0 -1.0 1.0
1.0 -1.0 -1.0 -1.0 1.0
1.0 -1.0 -1.0 -1.0 1.0
1.0 -1.0 -1.0 -1.0 1.0
1.0 -1.0 -1.0 -1.0 1.0
1.0 -1.0 -1.0 -1.0 1.0
1.0 -1.0 -1.0 -1.0 1.0
1.0 -1.0 -1.0 -1.0 1.0
1.0 -1.0 -1.0 -1.0 1.0
1.0 -1.0 -1.0 -1.0 1.0
1.0 -1.0 -1.0 -1.0 1.0
1.0 -1.0 -1.0 -1.0 1.0
1.0 -1.0 -1.0 -1.0 1.0
1.0 -1.0 -1.0 -1.0 1.0
1.0 -1.0 -1.0 -1.0 1.0
1.0 -1.0 -1.0 -1.0 1.0
1.0 -1.0 -1.0 -1.0 1.0
Fitness: -16153.22205401208
Instances 5: 26-Jan-17
1.0 -1.0 -1.0 -1.0 1.0
1.0 -1.0 -1.0 -1.0 1.0
1.0 -1.0 -1.0 -1.0 1.0
1.0 -1.0 -1.0 -1.0 1.0
1.0 -1.0 -1.0 -1.0 1.0
1.0 -1.0 -1.0 -1.0 1.0
1.0 -1.0 -1.0 -1.0 1.0
1.0 -1.0 -1.0 -1.0 1.0
1.0 -1.0 -1.0 -1.0 1.0
1.0 -1.0 -1.0 -1.0 1.0
1.0 -1.0 -1.0 -1.0 1.0
1.0 -1.0 -1.0 -1.0 1.0
1.0 -1.0 -1.0 -1.0 1.0
1.0 -1.0 -1.0 -1.0 1.0
1.0 -1.0 -1.0 -1.0 1.0
1.0 -1.0 -1.0 -1.0 1.0
1.0 -1.0 -1.0 -1.0 1.0
1.0 -1.0 -1.0 -1.0 1.0
1.0 -1.0 -1.0 -1.0 1.0
1.0 -1.0 -1.0 -1.0 1.0
1.0 -1.0 -1.0 -1.0 1.0
1.0 -1.0 -1.0 -1.0 1.0
1.0 -1.0 -1.0 -1.0 1.0
1.0 -1.0 -1.0 -1.0 1.0
Fitness: -16104.67533787274
Instances 6: 27-Jan-17
1.0 -1.0 -1.0 -1.0 1.0
1.0 -1.0 -1.0 -1.0 1.0
1.0 -1.0 -1.0 -1.0 1.0
1.0 -1.0 -1.0 -1.0 1.0
1.0 -1.0 -1.0 -1.0 1.0
1.0 -1.0 -1.0 -1.0 1.0
1.0 -1.0 -1.0 -1.0 1.0
1.0 -1.0 -1.0 -1.0 1.0
1.0 -1.0 -1.0 -1.0 1.0
1.0 -1.0 -1.0 -1.0 1.0
1.0 -1.0 -1.0 -1.0 1.0
1.0 -1.0 -1.0 -1.0 1.0
1.0 -1.0 -1.0 -1.0 1.0
1.0 -1.0 -1.0 -1.0 1.0
1.0 -1.0 -1.0 -1.0 1.0
1.0 -1.0 -1.0 -1.0 1.0
1.0 -1.0 -1.0 -1.0 1.0
1.0 -1.0 -1.0 -1.0 1.0
1.0 -1.0 -1.0 -1.0 1.0
1.0 -1.0 -1.0 -1.0 1.0
1.0 -1.0 -1.0 -1.0 1.0
1.0 -1.0 -1.0 -1.0 1.0
1.0 -1.0 -1.0 -1.0 1.0
1.0 -1.0 -1.0 -1.0 1.0
Fitness: -13656.800854234529
Instances 7: 28-Jan-17
1.0 -1.0 -1.0 -1.0 1.0
1.0 -1.0 -1.0 -1.0 1.0
1.0 -1.0 -1.0 -1.0 1.0
1.0 -1.0 -1.0 -1.0 1.0
1.0 -1.0 -1.0 -1.0 1.0
1.0 -1.0 -1.0 -1.0 1.0
1.0 -1.0 -1.0 -1.0 1.0
1.0 -1.0 -1.0 -1.0 1.0
1.0 -1.0 -1.0 -1.0 1.0
1.0 -1.0 -1.0 -1.0 1.0
1.0 -1.0 -1.0 -1.0 1.0
1.0 -1.0 -1.0 -1.0 1.0
1.0 -1.0 -1.0 -1.0 1.0
1.0 -1.0 -1.0 -1.0 1.0
1.0 -1.0 -1.0 -1.0 1.0
1.0 -1.0 -1.0 -1.0 1.0
1.0 -1.0 -1.0 -1.0 1.0
1.0 -1.0 -1.0 -1.0 1.0
1.0 -1.0 -1.0 -1.0 1.0
1.0 -1.0 -1.0 -1.0 1.0
1.0 -1.0 -1.0 -1.0 1.0
1.0 -1.0 -1.0 -1.0 1.0
1.0 -1.0 -1.0 -1.0 1.0
1.0 -1.0 -1.0 -1.0 1.0
Fitness: -12378.336771830629
Instances 8: 29-Jan-17
1.0 -1.0 -1.0 -1.0 1.0
1.0 -1.0 -1.0 -1.0 1.0
1.0 -1.0 -1.0 -1.0 1.0
1.0 -1.0 -1.0 -1.0 1.0
1.0 -1.0 -1.0 -1.0 1.0
1.0 -1.0 -1.0 -1.0 1.0
1.0 -1.0 -1.0 -1.0 1.0
1.0 -1.0 -1.0 -1.0 1.0
1.0 -1.0 -1.0 -1.0 1.0
1.0 -1.0 -1.0 -1.0 1.0
1.0 -1.0 -1.0 -1.0 1.0
1.0 -1.0 -1.0 -1.0 1.0
1.0 -1.0 -1.0 -1.0 1.0
1.0 -1.0 -1.0 -1.0 1.0
1.0 -1.0 -1.0 -1.0 1.0
1.0 -1.0 -1.0 -1.0 1.0
1.0 -1.0 -1.0 -1.0 1.0
1.0 -1.0 -1.0 -1.0 1.0
1.0 -1.0 -1.0 -1.0 1.0
1.0 -1.0 -1.0 -1.0 1.0
1.0 -1.0 -1.0 -1.0 1.0
1.0 -1.0 -1.0 -1.0 1.0
1.0 -1.0 -1.0 -1.0 1.0
1.0 -1.0 -1.0 -1.0 1.0
Fitness: -14671.729434263218
Instances 9: 30-Jan-17
1.0 -1.0 -1.0 -1.0 1.0
1.0 -1.0 -1.0 -1.0 1.0
1.0 -1.0 -1.0 -1.0 1.0
1.0 -1.0 -1.0 -1.0 1.0
1.0 -1.0 -1.0 -1.0 1.0
1.0 -1.0 -1.0 -1.0 1.0
1.0 -1.0 -1.0 -1.0 1.0
1.0 -1.0 -1.0 -1.0 1.0
1.0 -1.0 -1.0 -1.0 1.0
1.0 -1.0 -1.0 -1.0 1.0
1.0 -1.0 -1.0 -1.0 1.0
1.0 -1.0 -1.0 -1.0 1.0
1.0 -1.0 -1.0 -1.0 1.0
1.0 -1.0 -1.0 -1.0 1.0
1.0 -1.0 -1.0 -1.0 1.0
1.0 -1.0 -1.0 -1.0 1.0
1.0 -1.0 -1.0 -1.0 1.0
1.0 -1.0 -1.0 -1.0 1.0
1.0 -1.0 -1.0 -1.0 1.0
1.0 -1.0 -1.0 -1.0 1.0
1.0 -1.0 -1.0 -1.0 1.0
1.0 -1.0 -1.0 -1.0 1.0
1.0 -1.0 -1.0 -1.0 1.0
1.0 -1.0 -1.0 -1.0 1.0
Fitness: -15118.083557481612
Instances 10: 31-Jan-17
1.0 -1.0 -1.0 -1.0 1.0
1.0 -1.0 -1.0 -1.0 1.0
1.0 -1.0 -1.0 -1.0 1.0
1.0 -1.0 -1.0 -1.0 1.0
1.0 -1.0 -1.0 -1.0 1.0
1.0 -1.0 -1.0 -1.0 1.0
1.0 -1.0 -1.0 -1.0 1.0
1.0 -1.0 -1.0 -1.0 1.0
1.0 -1.0 -1.0 -1.0 1.0
1.0 -1.0 -1.0 -1.0 1.0
1.0 -1.0 -1.0 -1.0 1.0
1.0 -1.0 -1.0 -1.0 1.0
1.0 -1.0 -1.0 -1.0 1.0
1.0 -1.0 -1.0 -1.0 1.0
1.0 -1.0 -1.0 -1.0 1.0
1.0 -1.0 -1.0 -1.0 1.0
1.0 -1.0 -1.0 -1.0 1.0
1.0 -1.0 -1.0 -1.0 1.0
1.0 -1.0 -1.0 -1.0 1.0
1.0 -1.0 -1.0 -1.0 1.0
1.0 -1.0 -1.0 -1.0 1.0
1.0 -1.0 -1.0 -1.0 1.0
1.0 -1.0 -1.0 -1.0 1.0
1.0 -1.0 -1.0 -1.0 1.0
Fitness: -13486.27247142521
Instances 11: 21-Feb-17
1.0 -1.0 -1.0 -1.0 1.0
1.0 -1.0 -1.0 -1.0 1.0
1.0 -1.0 -1.0 -1.0 1.0
1.0 -1.0 -1.0 -1.0 1.0
1.0 -1.0 -1.0 -1.0 1.0
1.0 -1.0 -1.0 -1.0 1.0
1.0 -1.0 -1.0 -1.0 1.0
1.0 -1.0 -1.0 -1.0 1.0
1.0 -1.0 -1.0 -1.0 1.0
1.0 -1.0 -1.0 -1.0 1.0
1.0 -1.0 -1.0 -1.0 1.0
1.0 -1.0 -1.0 -1.0 1.0
1.0 -1.0 -1.0 -1.0 1.0
1.0 -1.0 -1.0 -1.0 1.0
1.0 -1.0 -1.0 -1.0 1.0
1.0 -1.0 -1.0 -1.0 1.0
1.0 -1.0 -1.0 -1.0 1.0
1.0 -1.0 -1.0 -1.0 1.0
1.0 -1.0 -1.0 -1.0 1.0
1.0 -1.0 -1.0 -1.0 1.0
1.0 -1.0 -1.0 -1.0 1.0
1.0 -1.0 -1.0 -1.0 1.0
1.0 -1.0 -1.0 -1.0 1.0
1.0 -1.0 -1.0 -1.0 1.0
Fitness: -9486.177283403576
Instances 12: 22-Feb-17
1.0 -1.0 -1.0 -1.0 1.0
1.0 -1.0 -1.0 -1.0 1.0
1.0 -1.0 -1.0 -1.0 1.0
1.0 -1.0 -1.0 -1.0 1.0
1.0 -1.0 -1.0 -1.0 1.0
1.0 -1.0 -1.0 -1.0 1.0
1.0 -1.0 -1.0 -1.0 1.0
1.0 -1.0 -1.0 -1.0 1.0
1.0 -1.0 -1.0 -1.0 1.0
1.0 -1.0 -1.0 -1.0 1.0
1.0 -1.0 -1.0 -1.0 1.0
1.0 -1.0 -1.0 -1.0 1.0
1.0 -1.0 -1.0 -1.0 1.0
1.0 -1.0 -1.0 -1.0 1.0
1.0 -1.0 -1.0 -1.0 1.0
1.0 -1.0 -1.0 -1.0 1.0
1.0 -1.0 -1.0 -1.0 1.0
1.0 -1.0 -1.0 -1.0 1.0
1.0 -1.0 -1.0 -1.0 1.0
1.0 -1.0 -1.0 -1.0 1.0
1.0 -1.0 -1.0 -1.0 1.0
1.0 -1.0 -1.0 -1.0 1.0
1.0 -1.0 -1.0 -1.0 1.0
1.0 -1.0 -1.0 -1.0 1.0
Fitness: -8825.170744015399
Instances 13: 23-Feb-17
1.0 -1.0 -1.0 -1.0 1.0
1.0 -1.0 -1.0 -1.0 1.0
1.0 -1.0 -1.0 -1.0 1.0
1.0 -1.0 -1.0 -1.0 1.0
1.0 -1.0 -1.0 -1.0 1.0
1.0 -1.0 -1.0 -1.0 1.0
1.0 -1.0 -1.0 -1.0 1.0
1.0 -1.0 -1.0 -1.0 1.0
1.0 -1.0 -1.0 -1.0 1.0
1.0 -1.0 -1.0 -1.0 1.0
1.0 -1.0 -1.0 -1.0 1.0
1.0 -1.0 -1.0 -1.0 1.0
1.0 -1.0 -1.0 -1.0 1.0
1.0 -1.0 -1.0 -1.0 1.0
1.0 -1.0 -1.0 -1.0 1.0
1.0 -1.0 -1.0 -1.0 1.0
1.0 -1.0 -1.0 -1.0 1.0
1.0 -1.0 -1.0 -1.0 1.0
1.0 -1.0 -1.0 -1.0 1.0
1.0 -1.0 -1.0 -1.0 1.0
1.0 -1.0 -1.0 -1.0 1.0
1.0 -1.0 -1.0 -1.0 1.0
1.0 -1.0 -1.0 -1.0 1.0
1.0 -1.0 -1.0 -1.0 1.0
Fitness: -12523.269015860464
Instances 14: 24-Feb-17
1.0 -1.0 -1.0 -1.0 1.0
1.0 -1.0 -1.0 -1.0 1.0
1.0 -1.0 -1.0 -1.0 1.0
1.0 -1.0 -1.0 -1.0 1.0
1.0 -1.0 -1.0 -1.0 1.0
1.0 -1.0 -1.0 -1.0 1.0
1.0 -1.0 -1.0 -1.0 1.0
1.0 -1.0 -1.0 -1.0 1.0
1.0 -1.0 -1.0 -1.0 1.0
1.0 -1.0 -1.0 -1.0 1.0
1.0 -1.0 -1.0 -1.0 1.0
1.0 -1.0 -1.0 -1.0 1.0
1.0 -1.0 -1.0 -1.0 1.0
1.0 -1.0 -1.0 -1.0 1.0
1.0 -1.0 -1.0 -1.0 1.0
1.0 -1.0 -1.0 -1.0 1.0
1.0 -1.0 -1.0 -1.0 1.0
1.0 -1.0 -1.0 -1.0 1.0
1.0 -1.0 -1.0 -1.0 1.0
1.0 -1.0 -1.0 -1.0 1.0
1.0 -1.0 -1.0 -1.0 1.0
1.0 -1.0 -1.0 -1.0 1.0
1.0 -1.0 -1.0 -1.0 1.0
1.0 -1.0 -1.0 -1.0 1.0
Fitness: -10991.725043033037
Instances 15: 25-Feb-17
1.0 -1.0 -1.0 -1.0 1.0
1.0 -1.0 -1.0 -1.0 1.0
1.0 -1.0 -1.0 -1.0 1.0
1.0 -1.0 -1.0 -1.0 1.0
1.0 -1.0 -1.0 -1.0 1.0
1.0 -1.0 -1.0 -1.0 1.0
1.0 -1.0 -1.0 -1.0 1.0
1.0 -1.0 -1.0 -1.0 1.0
1.0 -1.0 -1.0 -1.0 1.0
1.0 -1.0 -1.0 -1.0 1.0
1.0 -1.0 -1.0 -1.0 1.0
1.0 -1.0 -1.0 -1.0 1.0
1.0 -1.0 -1.0 -1.0 1.0
1.0 -1.0 -1.0 -1.0 1.0
1.0 -1.0 -1.0 -1.0 1.0
1.0 -1.0 -1.0 -1.0 1.0
1.0 -1.0 -1.0 -1.0 1.0
1.0 -1.0 -1.0 -1.0 1.0
1.0 -1.0 -1.0 -1.0 1.0
1.0 -1.0 -1.0 -1.0 1.0
1.0 -1.0 -1.0 -1.0 1.0
1.0 -1.0 -1.0 -1.0 1.0
1.0 -1.0 -1.0 -1.0 1.0
1.0 -1.0 -1.0 -1.0 1.0
Fitness: -9304.999504717984
Instances 16: 26-Feb-17
1.0 -1.0 -1.0 -1.0 1.0
1.0 -1.0 -1.0 -1.0 1.0
1.0 -1.0 -1.0 -1.0 1.0
1.0 -1.0 -1.0 -1.0 1.0
1.0 -1.0 -1.0 -1.0 1.0
1.0 -1.0 -1.0 -1.0 1.0
1.0 -1.0 -1.0 -1.0 1.0
1.0 -1.0 -1.0 -1.0 1.0
1.0 -1.0 -1.0 -1.0 1.0
1.0 -1.0 -1.0 -1.0 1.0
1.0 -1.0 -1.0 -1.0 1.0
1.0 -1.0 -1.0 -1.0 1.0
1.0 -1.0 -1.0 -1.0 1.0
1.0 -1.0 -1.0 -1.0 1.0
1.0 -1.0 -1.0 -1.0 1.0
1.0 -1.0 -1.0 -1.0 1.0
1.0 -1.0 -1.0 -1.0 1.0
1.0 -1.0 -1.0 -1.0 1.0
1.0 -1.0 -1.0 -1.0 1.0
1.0 -1.0 -1.0 -1.0 1.0
1.0 -1.0 -1.0 -1.0 1.0
1.0 -1.0 -1.0 -1.0 1.0
1.0 -1.0 -1.0 -1.0 1.0
1.0 -1.0 -1.0 -1.0 1.0
Fitness: -9775.335042290179
Instances 17: 27-Feb-17
1.0 -1.0 -1.0 -1.0 1.0
1.0 -1.0 -1.0 -1.0 1.0
1.0 -1.0 -1.0 -1.0 1.0
1.0 -1.0 -1.0 -1.0 1.0
1.0 -1.0 -1.0 -1.0 1.0
1.0 -1.0 -1.0 -1.0 1.0
1.0 -1.0 -1.0 -1.0 1.0
1.0 -1.0 -1.0 -1.0 1.0
1.0 -1.0 -1.0 -1.0 1.0
1.0 -1.0 -1.0 -1.0 1.0
1.0 -1.0 -1.0 -1.0 1.0
1.0 -1.0 -1.0 -1.0 1.0
1.0 -1.0 -1.0 -1.0 1.0
1.0 -1.0 -1.0 -1.0 1.0
1.0 -1.0 -1.0 -1.0 1.0
1.0 -1.0 -1.0 -1.0 1.0
1.0 -1.0 -1.0 -1.0 1.0
1.0 -1.0 -1.0 -1.0 1.0
1.0 -1.0 -1.0 -1.0 1.0
1.0 -1.0 -1.0 -1.0 1.0
1.0 -1.0 -1.0 -1.0 1.0
1.0 -1.0 -1.0 -1.0 1.0
1.0 -1.0 -1.0 -1.0 1.0
1.0 -1.0 -1.0 -1.0 1.0
Fitness: -12061.89432465304
Instances 18: 28-Feb-17
1.0 -1.0 -1.0 -1.0 1.0
1.0 -1.0 -1.0 -1.0 1.0
1.0 -1.0 -1.0 -1.0 1.0
1.0 -1.0 -1.0 -1.0 1.0
1.0 -1.0 -1.0 -1.0 1.0
1.0 -1.0 -1.0 -1.0 1.0
1.0 -1.0 -1.0 -1.0 1.0
1.0 -1.0 -1.0 -1.0 1.0
1.0 -1.0 -1.0 -1.0 1.0
1.0 -1.0 -1.0 -1.0 1.0
1.0 -1.0 -1.0 -1.0 1.0
1.0 -1.0 -1.0 -1.0 1.0
1.0 -1.0 -1.0 -1.0 1.0
1.0 -1.0 -1.0 -1.0 1.0
1.0 -1.0 -1.0 -1.0 1.0
1.0 -1.0 -1.0 -1.0 1.0
1.0 -1.0 -1.0 -1.0 1.0
1.0 -1.0 -1.0 -1.0 1.0
1.0 -1.0 -1.0 -1.0 1.0
1.0 -1.0 -1.0 -1.0 1.0
1.0 -1.0 -1.0 -1.0 1.0
1.0 -1.0 -1.0 -1.0 1.0
1.0 -1.0 -1.0 -1.0 1.0
1.0 -1.0 -1.0 -1.0 1.0
Fitness: -9673.290940365689
Instances 19: 01-Mar-17
1.0 -1.0 -1.0 -1.0 1.0
1.0 -1.0 -1.0 -1.0 1.0
1.0 -1.0 -1.0 -1.0 1.0
1.0 -1.0 -1.0 -1.0 1.0
1.0 -1.0 -1.0 -1.0 1.0
1.0 -1.0 -1.0 -1.0 1.0
1.0 -1.0 -1.0 -1.0 1.0
1.0 -1.0 -1.0 -1.0 1.0
1.0 -1.0 -1.0 -1.0 1.0
1.0 -1.0 -1.0 -1.0 1.0
1.0 -1.0 -1.0 -1.0 1.0
1.0 -1.0 -1.0 -1.0 1.0
1.0 -1.0 -1.0 -1.0 1.0
1.0 -1.0 -1.0 -1.0 1.0
1.0 -1.0 -1.0 -1.0 1.0
1.0 -1.0 -1.0 -1.0 1.0
1.0 -1.0 -1.0 -1.0 1.0
1.0 -1.0 -1.0 -1.0 1.0
1.0 -1.0 -1.0 -1.0 1.0
1.0 -1.0 -1.0 -1.0 1.0
1.0 -1.0 -1.0 -1.0 1.0
1.0 -1.0 -1.0 -1.0 1.0
1.0 -1.0 -1.0 -1.0 1.0
1.0 -1.0 -1.0 -1.0 1.0
Fitness: -11514.291529212727
Instances 20: 02-Mar-17
1.0 -1.0 -1.0 -1.0 1.0
1.0 -1.0 -1.0 -1.0 1.0
1.0 -1.0 -1.0 -1.0 1.0
1.0 -1.0 -1.0 -1.0 1.0
1.0 -1.0 -1.0 -1.0 1.0
1.0 -1.0 -1.0 -1.0 1.0
1.0 -1.0 -1.0 -1.0 1.0
1.0 -1.0 -1.0 -1.0 1.0
1.0 -1.0 -1.0 -1.0 1.0
1.0 -1.0 -1.0 -1.0 1.0
1.0 -1.0 -1.0 -1.0 1.0
1.0 -1.0 -1.0 -1.0 1.0
1.0 -1.0 -1.0 -1.0 1.0
1.0 -1.0 -1.0 -1.0 1.0
1.0 -1.0 -1.0 -1.0 1.0
1.0 -1.0 -1.0 -1.0 1.0
1.0 -1.0 -1.0 -1.0 1.0
1.0 -1.0 -1.0 -1.0 1.0
1.0 -1.0 -1.0 -1.0 1.0
1.0 -1.0 -1.0 -1.0 1.0
1.0 -1.0 -1.0 -1.0 1.0
1.0 -1.0 -1.0 -1.0 1.0
1.0 -1.0 -1.0 -1.0 1.0
1.0 -1.0 -1.0 -1.0 1.0
Fitness: -10761.742592843782
Instances 21: 03-Mar-17
1.0 -1.0 -1.0 -1.0 1.0
1.0 -1.0 -1.0 -1.0 1.0
1.0 -1.0 -1.0 -1.0 1.0
1.0 -1.0 -1.0 -1.0 1.0
1.0 -1.0 -1.0 -1.0 1.0
1.0 -1.0 -1.0 -1.0 1.0
1.0 -1.0 -1.0 -1.0 1.0
1.0 -1.0 -1.0 -1.0 1.0
1.0 -1.0 -1.0 -1.0 1.0
1.0 -1.0 -1.0 -1.0 1.0
1.0 -1.0 -1.0 -1.0 1.0
1.0 -1.0 -1.0 -1.0 1.0
1.0 -1.0 -1.0 -1.0 1.0
1.0 -1.0 -1.0 -1.0 1.0
1.0 -1.0 -1.0 -1.0 1.0
1.0 -1.0 -1.0 -1.0 1.0
1.0 -1.0 -1.0 -1.0 1.0
1.0 -1.0 -1.0 -1.0 1.0
1.0 -1.0 -1.0 -1.0 1.0
1.0 -1.0 -1.0 -1.0 1.0
1.0 -1.0 -1.0 -1.0 1.0
1.0 -1.0 -1.0 -1.0 1.0
1.0 -1.0 -1.0 -1.0 1.0
1.0 -1.0 -1.0 -1.0 1.0
Fitness: -9657.831939913956
Instances 22: 24-Mar-17
1.0 -1.0 -1.0 -1.0 1.0
1.0 -1.0 -1.0 -1.0 1.0
1.0 -1.0 -1.0 -1.0 1.0
1.0 -1.0 -1.0 -1.0 1.0
1.0 -1.0 -1.0 -1.0 1.0
1.0 -1.0 -1.0 -1.0 1.0
1.0 -1.0 -1.0 -1.0 1.0
1.0 -1.0 -1.0 -1.0 1.0
1.0 -1.0 -1.0 -1.0 1.0
1.0 -1.0 -1.0 -1.0 1.0
1.0 -1.0 -1.0 -1.0 1.0
1.0 -1.0 -1.0 -1.0 1.0
1.0 -1.0 -1.0 -1.0 1.0
1.0 -1.0 -1.0 -1.0 1.0
1.0 -1.0 -1.0 -1.0 1.0
1.0 -1.0 -1.0 -1.0 1.0
1.0 -1.0 -1.0 -1.0 1.0
1.0 -1.0 -1.0 -1.0 1.0
1.0 -1.0 -1.0 -1.0 1.0
1.0 -1.0 -1.0 -1.0 1.0
1.0 -1.0 -1.0 -1.0 1.0
1.0 -1.0 -1.0 -1.0 1.0
1.0 -1.0 -1.0 -1.0 1.0
1.0 -1.0 -1.0 -1.0 1.0
Fitness: -11314.384015237158
Instances 23: 25-Mar-17
1.0 -1.0 -1.0 -1.0 1.0
1.0 -1.0 -1.0 -1.0 1.0
1.0 -1.0 -1.0 -1.0 1.0
1.0 -1.0 -1.0 -1.0 1.0
1.0 -1.0 -1.0 -1.0 1.0
1.0 -1.0 -1.0 -1.0 1.0
1.0 -1.0 -1.0 -1.0 1.0
1.0 -1.0 -1.0 -1.0 1.0
1.0 -1.0 -1.0 -1.0 1.0
1.0 -1.0 -1.0 -1.0 1.0
1.0 -1.0 -1.0 -1.0 1.0
1.0 -1.0 -1.0 -1.0 1.0
1.0 -1.0 -1.0 -1.0 1.0
1.0 -1.0 -1.0 -1.0 1.0
1.0 -1.0 -1.0 -1.0 1.0
1.0 -1.0 -1.0 -1.0 1.0
1.0 -1.0 -1.0 -1.0 1.0
1.0 -1.0 -1.0 -1.0 1.0
1.0 -1.0 -1.0 -1.0 1.0
1.0 -1.0 -1.0 -1.0 1.0
1.0 -1.0 -1.0 -1.0 1.0
1.0 -1.0 -1.0 -1.0 1.0
1.0 -1.0 -1.0 -1.0 1.0
1.0 -1.0 -1.0 -1.0 1.0
Fitness: -9579.089234575764
Instances 24: 26-Mar-17
1.0 -1.0 -1.0 -1.0 1.0
1.0 -1.0 -1.0 -1.0 1.0
1.0 -1.0 -1.0 -1.0 1.0
1.0 -1.0 -1.0 -1.0 1.0
1.0 -1.0 -1.0 -1.0 1.0
1.0 -1.0 -1.0 -1.0 1.0
1.0 -1.0 -1.0 -1.0 1.0
1.0 -1.0 -1.0 -1.0 1.0
1.0 -1.0 -1.0 -1.0 1.0
1.0 -1.0 -1.0 -1.0 1.0
1.0 -1.0 -1.0 -1.0 1.0
1.0 -1.0 -1.0 -1.0 1.0
1.0 -1.0 -1.0 -1.0 1.0
1.0 -1.0 -1.0 -1.0 1.0
1.0 -1.0 -1.0 -1.0 1.0
1.0 -1.0 -1.0 -1.0 1.0
1.0 -1.0 -1.0 -1.0 1.0
1.0 -1.0 -1.0 -1.0 1.0
1.0 -1.0 -1.0 -1.0 1.0
1.0 -1.0 -1.0 -1.0 1.0
1.0 -1.0 -1.0 -1.0 1.0
1.0 -1.0 -1.0 -1.0 1.0
1.0 -1.0 -1.0 -1.0 1.0
1.0 -1.0 -1.0 -1.0 1.0
Fitness: -11744.563205808281
Instances 25: 27-Mar-17
1.0 -1.0 -1.0 -1.0 1.0
1.0 -1.0 -1.0 -1.0 1.0
1.0 -1.0 -1.0 -1.0 1.0
1.0 -1.0 -1.0 -1.0 1.0
1.0 -1.0 -1.0 -1.0 1.0
1.0 -1.0 -1.0 -1.0 1.0
1.0 -1.0 -1.0 -1.0 1.0
1.0 -1.0 -1.0 -1.0 1.0
1.0 -1.0 -1.0 -1.0 1.0
1.0 -1.0 -1.0 -1.0 1.0
1.0 -1.0 -1.0 -1.0 1.0
1.0 -1.0 -1.0 -1.0 1.0
1.0 -1.0 -1.0 -1.0 1.0
1.0 -1.0 -1.0 -1.0 1.0
1.0 -1.0 -1.0 -1.0 1.0
1.0 -1.0 -1.0 -1.0 1.0
1.0 -1.0 -1.0 -1.0 1.0
1.0 -1.0 -1.0 -1.0 1.0
1.0 -1.0 -1.0 -1.0 1.0
1.0 -1.0 -1.0 -1.0 1.0
1.0 -1.0 -1.0 -1.0 1.0
1.0 -1.0 -1.0 -1.0 1.0
1.0 -1.0 -1.0 -1.0 1.0
1.0 -1.0 -1.0 -1.0 1.0
Fitness: -11485.308199461197
Instances 26: 28-Mar-17
1.0 -1.0 -1.0 -1.0 1.0
1.0 -1.0 -1.0 -1.0 1.0
1.0 -1.0 -1.0 -1.0 1.0
1.0 -1.0 -1.0 -1.0 1.0
1.0 -1.0 -1.0 -1.0 1.0
1.0 -1.0 -1.0 -1.0 1.0
1.0 -1.0 -1.0 -1.0 1.0
1.0 -1.0 -1.0 -1.0 1.0
1.0 -1.0 -1.0 -1.0 1.0
1.0 -1.0 -1.0 -1.0 1.0
1.0 -1.0 -1.0 -1.0 1.0
1.0 -1.0 -1.0 -1.0 1.0
1.0 -1.0 -1.0 -1.0 1.0
1.0 -1.0 -1.0 -1.0 1.0
1.0 -1.0 -1.0 -1.0 1.0
1.0 -1.0 -1.0 -1.0 1.0
1.0 -1.0 -1.0 -1.0 1.0
1.0 -1.0 -1.0 -1.0 1.0
1.0 -1.0 -1.0 -1.0 1.0
1.0 -1.0 -1.0 -1.0 1.0
1.0 -1.0 -1.0 -1.0 1.0
1.0 -1.0 -1.0 -1.0 1.0
1.0 -1.0 -1.0 -1.0 1.0
1.0 -1.0 -1.0 -1.0 1.0
Fitness: -11312.935162374504
Instances 27: 29-Mar-17
1.0 -1.0 -1.0 -1.0 1.0
1.0 -1.0 -1.0 -1.0 1.0
1.0 -1.0 -1.0 -1.0 1.0
1.0 -1.0 -1.0 -1.0 1.0
1.0 -1.0 -1.0 -1.0 1.0
1.0 -1.0 -1.0 -1.0 1.0
1.0 -1.0 -1.0 -1.0 1.0
1.0 -1.0 -1.0 -1.0 1.0
1.0 -1.0 -1.0 -1.0 1.0
1.0 -1.0 -1.0 -1.0 1.0
1.0 -1.0 -1.0 -1.0 1.0
1.0 -1.0 -1.0 -1.0 1.0
1.0 -1.0 -1.0 -1.0 1.0
1.0 -1.0 -1.0 -1.0 1.0
1.0 -1.0 -1.0 -1.0 1.0
1.0 -1.0 -1.0 -1.0 1.0
1.0 -1.0 -1.0 -1.0 1.0
1.0 -1.0 -1.0 -1.0 1.0
1.0 -1.0 -1.0 -1.0 1.0
1.0 -1.0 -1.0 -1.0 1.0
1.0 -1.0 -1.0 -1.0 1.0
1.0 -1.0 -1.0 -1.0 1.0
1.0 -1.0 -1.0 -1.0 1.0
1.0 -1.0 -1.0 -1.0 1.0
Fitness: -11272.519222678022
Instances 28: 30-Mar-17
1.0 -1.0 -1.0 -1.0 1.0
1.0 -1.0 -1.0 -1.0 1.0
1.0 -1.0 -1.0 -1.0 1.0
1.0 -1.0 -1.0 -1.0 1.0
1.0 -1.0 -1.0 -1.0 1.0
1.0 -1.0 -1.0 -1.0 1.0
1.0 -1.0 -1.0 -1.0 1.0
1.0 -1.0 -1.0 -1.0 1.0
1.0 -1.0 -1.0 -1.0 1.0
1.0 -1.0 -1.0 -1.0 1.0
1.0 -1.0 -1.0 -1.0 1.0
1.0 -1.0 -1.0 -1.0 1.0
1.0 -1.0 -1.0 -1.0 1.0
1.0 -1.0 -1.0 -1.0 1.0
1.0 -1.0 -1.0 -1.0 1.0
1.0 -1.0 -1.0 -1.0 1.0
1.0 -1.0 -1.0 -1.0 1.0
1.0 -1.0 -1.0 -1.0 1.0
1.0 -1.0 -1.0 -1.0 1.0
1.0 -1.0 -1.0 -1.0 1.0
1.0 -1.0 -1.0 -1.0 1.0
1.0 -1.0 -1.0 -1.0 1.0
1.0 -1.0 -1.0 -1.0 1.0
1.0 -1.0 -1.0 -1.0 1.0
Fitness: -11260.109452806724
Instances 29: 31-Mar-17
1.0 -1.0 -1.0 -1.0 1.0
1.0 -1.0 -1.0 -1.0 1.0
1.0 -1.0 -1.0 -1.0 1.0
1.0 -1.0 -1.0 -1.0 1.0
1.0 -1.0 -1.0 -1.0 1.0
1.0 -1.0 -1.0 -1.0 1.0
1.0 -1.0 -1.0 -1.0 1.0
1.0 -1.0 -1.0 -1.0 1.0
1.0 -1.0 -1.0 -1.0 1.0
1.0 -1.0 -1.0 -1.0 1.0
1.0 -1.0 -1.0 -1.0 1.0
1.0 -1.0 -1.0 -1.0 1.0
1.0 -1.0 -1.0 -1.0 1.0
1.0 -1.0 -1.0 -1.0 1.0
1.0 -1.0 -1.0 -1.0 1.0
1.0 -1.0 -1.0 -1.0 1.0
1.0 -1.0 -1.0 -1.0 1.0
1.0 -1.0 -1.0 -1.0 1.0
1.0 -1.0 -1.0 -1.0 1.0
1.0 -1.0 -1.0 -1.0 1.0
1.0 -1.0 -1.0 -1.0 1.0
1.0 -1.0 -1.0 -1.0 1.0
1.0 -1.0 -1.0 -1.0 1.0
1.0 -1.0 -1.0 -1.0 1.0
Fitness: -12544.566471643144
Instances 30: 01-Apr-17
1.0 -1.0 -1.0 -1.0 1.0
1.0 -1.0 -1.0 -1.0 1.0
1.0 -1.0 -1.0 -1.0 1.0
1.0 -1.0 -1.0 -1.0 1.0
1.0 -1.0 -1.0 -1.0 1.0
1.0 -1.0 -1.0 -1.0 1.0
1.0 -1.0 -1.0 -1.0 1.0
1.0 -1.0 -1.0 -1.0 1.0
1.0 -1.0 -1.0 -1.0 1.0
1.0 -1.0 -1.0 -1.0 1.0
1.0 -1.0 -1.0 -1.0 1.0
1.0 -1.0 -1.0 -1.0 1.0
1.0 -1.0 -1.0 -1.0 1.0
1.0 -1.0 -1.0 -1.0 1.0
1.0 -1.0 -1.0 -1.0 1.0
1.0 -1.0 -1.0 -1.0 1.0
1.0 -1.0 -1.0 -1.0 1.0
1.0 -1.0 -1.0 -1.0 1.0
1.0 -1.0 -1.0 -1.0 1.0
1.0 -1.0 -1.0 -1.0 1.0
1.0 -1.0 -1.0 -1.0 1.0
1.0 -1.0 -1.0 -1.0 1.0
1.0 -1.0 -1.0 -1.0 1.0
1.0 -1.0 -1.0 -1.0 1.0
Fitness: -11835.579315537165
Instances 31: 02-Apr-17
1.0 -1.0 -1.0 -1.0 1.0
1.0 -1.0 -1.0 -1.0 1.0
1.0 -1.0 -1.0 -1.0 1.0
1.0 -1.0 -1.0 -1.0 1.0
1.0 -1.0 -1.0 -1.0 1.0
1.0 -1.0 -1.0 -1.0 1.0
1.0 -1.0 -1.0 -1.0 1.0
1.0 -1.0 -1.0 -1.0 1.0
1.0 -1.0 -1.0 -1.0 1.0
1.0 -1.0 -1.0 -1.0 1.0
1.0 -1.0 -1.0 -1.0 1.0
1.0 -1.0 -1.0 -1.0 1.0
1.0 -1.0 -1.0 -1.0 1.0
1.0 -1.0 -1.0 -1.0 1.0
1.0 -1.0 -1.0 -1.0 1.0
1.0 -1.0 -1.0 -1.0 1.0
1.0 -1.0 -1.0 -1.0 1.0
1.0 -1.0 -1.0 -1.0 1.0
1.0 -1.0 -1.0 -1.0 1.0
1.0 -1.0 -1.0 -1.0 1.0
1.0 -1.0 -1.0 -1.0 1.0
1.0 -1.0 -1.0 -1.0 1.0
1.0 -1.0 -1.0 -1.0 1.0
1.0 -1.0 -1.0 -1.0 1.0
Fitness: -10394.21191562849
Instances 32: 23-Apr-17
1.0 -1.0 -1.0 -1.0 1.0
1.0 -1.0 -1.0 -1.0 1.0
1.0 -1.0 -1.0 -1.0 1.0
1.0 -1.0 -1.0 -1.0 1.0
1.0 -1.0 -1.0 -1.0 1.0
1.0 -1.0 -1.0 -1.0 1.0
1.0 -1.0 -1.0 -1.0 1.0
1.0 -1.0 -1.0 -1.0 1.0
1.0 -1.0 -1.0 -1.0 1.0
1.0 -1.0 -1.0 -1.0 1.0
1.0 -1.0 -1.0 -1.0 1.0
1.0 -1.0 -1.0 -1.0 1.0
1.0 -1.0 -1.0 -1.0 1.0
1.0 -1.0 -1.0 -1.0 1.0
1.0 -1.0 -1.0 -1.0 1.0
1.0 -1.0 -1.0 -1.0 1.0
1.0 -1.0 -1.0 -1.0 1.0
1.0 -1.0 -1.0 -1.0 1.0
1.0 -1.0 -1.0 -1.0 1.0
1.0 -1.0 -1.0 -1.0 1.0
1.0 -1.0 -1.0 -1.0 1.0
1.0 -1.0 -1.0 -1.0 1.0
1.0 -1.0 -1.0 -1.0 1.0
1.0 -1.0 -1.0 -1.0 1.0
Fitness: -5205.941602294526
Instances 33: 24-Apr-17
1.0 -1.0 -1.0 -1.0 1.0
1.0 -1.0 -1.0 -1.0 1.0
1.0 -1.0 -1.0 -1.0 1.0
1.0 -1.0 -1.0 -1.0 1.0
1.0 -1.0 -1.0 -1.0 1.0
1.0 -1.0 -1.0 -1.0 1.0
1.0 -1.0 -1.0 -1.0 1.0
1.0 -1.0 -1.0 -1.0 1.0
1.0 -1.0 -1.0 -1.0 1.0
1.0 -1.0 -1.0 -1.0 1.0
1.0 -1.0 -1.0 -1.0 1.0
1.0 -1.0 -1.0 -1.0 1.0
1.0 -1.0 -1.0 -1.0 1.0
1.0 -1.0 -1.0 -1.0 1.0
1.0 -1.0 -1.0 -1.0 1.0
1.0 -1.0 -1.0 -1.0 1.0
1.0 -1.0 -1.0 -1.0 1.0
1.0 -1.0 -1.0 -1.0 1.0
1.0 -1.0 -1.0 -1.0 1.0
1.0 -1.0 -1.0 -1.0 1.0
1.0 -1.0 -1.0 -1.0 1.0
1.0 -1.0 -1.0 -1.0 1.0
1.0 -1.0 -1.0 -1.0 1.0
1.0 -1.0 -1.0 -1.0 1.0
Fitness: -7083.26241488982
Instances 34: 25-Apr-17
1.0 -1.0 -1.0 -1.0 1.0
1.0 -1.0 -1.0 -1.0 1.0
1.0 -1.0 -1.0 -1.0 1.0
1.0 -1.0 -1.0 -1.0 1.0
1.0 -1.0 -1.0 -1.0 1.0
1.0 -1.0 -1.0 -1.0 1.0
1.0 -1.0 -1.0 -1.0 1.0
1.0 -1.0 -1.0 -1.0 1.0
1.0 -1.0 -1.0 -1.0 1.0
1.0 -1.0 -1.0 -1.0 1.0
1.0 -1.0 -1.0 -1.0 1.0
1.0 -1.0 -1.0 -1.0 1.0
1.0 -1.0 -1.0 -1.0 1.0
1.0 -1.0 -1.0 -1.0 1.0
1.0 -1.0 -1.0 -1.0 1.0
1.0 -1.0 -1.0 -1.0 1.0
1.0 -1.0 -1.0 -1.0 1.0
1.0 -1.0 -1.0 -1.0 1.0
1.0 -1.0 -1.0 -1.0 1.0
1.0 -1.0 -1.0 -1.0 1.0
1.0 -1.0 -1.0 -1.0 1.0
1.0 -1.0 -1.0 -1.0 1.0
1.0 -1.0 -1.0 -1.0 1.0
1.0 -1.0 -1.0 -1.0 1.0
Fitness: -8981.957008921323
Instances 35: 26-Apr-17
1.0 -1.0 -1.0 -1.0 1.0
1.0 -1.0 -1.0 -1.0 1.0
1.0 -1.0 -1.0 -1.0 1.0
1.0 -1.0 -1.0 -1.0 1.0
1.0 -1.0 -1.0 -1.0 1.0
1.0 -1.0 -1.0 -1.0 1.0
1.0 -1.0 -1.0 -1.0 1.0
1.0 -1.0 -1.0 -1.0 1.0
1.0 -1.0 -1.0 -1.0 1.0
1.0 -1.0 -1.0 -1.0 1.0
1.0 -1.0 -1.0 -1.0 1.0
1.0 -1.0 -1.0 -1.0 1.0
1.0 -1.0 -1.0 -1.0 1.0
1.0 -1.0 -1.0 -1.0 1.0
1.0 -1.0 -1.0 -1.0 1.0
1.0 -1.0 -1.0 -1.0 1.0
1.0 -1.0 -1.0 -1.0 1.0
1.0 -1.0 -1.0 -1.0 1.0
1.0 -1.0 -1.0 -1.0 1.0
1.0 -1.0 -1.0 -1.0 1.0
1.0 -1.0 -1.0 -1.0 1.0
1.0 -1.0 -1.0 -1.0 1.0
1.0 -1.0 -1.0 -1.0 1.0
1.0 -1.0 -1.0 -1.0 1.0
Fitness: -8730.903479448762
Instances 36: 27-Apr-17
1.0 -1.0 -1.0 -1.0 1.0
1.0 -1.0 -1.0 -1.0 1.0
1.0 -1.0 -1.0 -1.0 1.0
1.0 -1.0 -1.0 -1.0 1.0
1.0 -1.0 -1.0 -1.0 1.0
1.0 -1.0 -1.0 -1.0 1.0
1.0 -1.0 -1.0 -1.0 1.0
1.0 -1.0 -1.0 -1.0 1.0
1.0 -1.0 -1.0 -1.0 1.0
1.0 -1.0 -1.0 -1.0 1.0
1.0 -1.0 -1.0 -1.0 1.0
1.0 -1.0 -1.0 -1.0 1.0
1.0 -1.0 -1.0 -1.0 1.0
1.0 -1.0 -1.0 -1.0 1.0
1.0 -1.0 -1.0 -1.0 1.0
1.0 -1.0 -1.0 -1.0 1.0
1.0 -1.0 -1.0 -1.0 1.0
1.0 -1.0 -1.0 -1.0 1.0
1.0 -1.0 -1.0 -1.0 1.0
1.0 -1.0 -1.0 -1.0 1.0
1.0 -1.0 -1.0 -1.0 1.0
1.0 -1.0 -1.0 -1.0 1.0
1.0 -1.0 -1.0 -1.0 1.0
1.0 -1.0 -1.0 -1.0 1.0
Fitness: -5901.630986379338
Instances 37: 28-Apr-17
1.0 -1.0 -1.0 -1.0 1.0
1.0 -1.0 -1.0 -1.0 1.0
1.0 -1.0 -1.0 -1.0 1.0
1.0 -1.0 -1.0 -1.0 1.0
1.0 -1.0 -1.0 -1.0 1.0
1.0 -1.0 -1.0 -1.0 1.0
1.0 -1.0 -1.0 -1.0 1.0
1.0 -1.0 -1.0 -1.0 1.0
1.0 -1.0 -1.0 -1.0 1.0
1.0 -1.0 -1.0 -1.0 1.0
1.0 -1.0 -1.0 -1.0 1.0
1.0 -1.0 -1.0 -1.0 1.0
1.0 -1.0 -1.0 -1.0 1.0
1.0 -1.0 -1.0 -1.0 1.0
1.0 -1.0 -1.0 -1.0 1.0
1.0 -1.0 -1.0 -1.0 1.0
1.0 -1.0 -1.0 -1.0 1.0
1.0 -1.0 -1.0 -1.0 1.0
1.0 -1.0 -1.0 -1.0 1.0
1.0 -1.0 -1.0 -1.0 1.0
1.0 -1.0 -1.0 -1.0 1.0
1.0 -1.0 -1.0 -1.0 1.0
1.0 -1.0 -1.0 -1.0 1.0
1.0 -1.0 -1.0 -1.0 1.0
Fitness: -6010.778226004922
Instances 38: 29-Apr-17
1.0 -1.0 -1.0 -1.0 1.0
1.0 -1.0 -1.0 -1.0 1.0
1.0 -1.0 -1.0 -1.0 1.0
1.0 -1.0 -1.0 -1.0 1.0
1.0 -1.0 -1.0 -1.0 1.0
1.0 -1.0 -1.0 -1.0 1.0
1.0 -1.0 -1.0 -1.0 1.0
1.0 -1.0 -1.0 -1.0 1.0
1.0 -1.0 -1.0 -1.0 1.0
1.0 -1.0 -1.0 -1.0 1.0
1.0 -1.0 -1.0 -1.0 1.0
1.0 -1.0 -1.0 -1.0 1.0
1.0 -1.0 -1.0 -1.0 1.0
1.0 -1.0 -1.0 -1.0 1.0
1.0 -1.0 -1.0 -1.0 1.0
1.0 -1.0 -1.0 -1.0 1.0
1.0 -1.0 -1.0 -1.0 1.0
1.0 -1.0 -1.0 -1.0 1.0
1.0 -1.0 -1.0 -1.0 1.0
1.0 -1.0 -1.0 -1.0 1.0
1.0 -1.0 -1.0 -1.0 1.0
1.0 -1.0 -1.0 -1.0 1.0
1.0 -1.0 -1.0 -1.0 1.0
1.0 -1.0 -1.0 -1.0 1.0
Fitness: -7134.452747778853
Instances 39: 30-Apr-17
1.0 -1.0 -1.0 -1.0 1.0
1.0 -1.0 -1.0 -1.0 1.0
1.0 -1.0 -1.0 -1.0 1.0
1.0 -1.0 -1.0 -1.0 1.0
1.0 -1.0 -1.0 -1.0 1.0
1.0 -1.0 -1.0 -1.0 1.0
1.0 -1.0 -1.0 -1.0 1.0
1.0 -1.0 -1.0 -1.0 1.0
1.0 -1.0 -1.0 -1.0 1.0
1.0 -1.0 -1.0 -1.0 1.0
1.0 -1.0 -1.0 -1.0 1.0
1.0 -1.0 -1.0 -1.0 1.0
1.0 -1.0 -1.0 -1.0 1.0
1.0 -1.0 -1.0 -1.0 1.0
1.0 -1.0 -1.0 -1.0 1.0
1.0 -1.0 -1.0 -1.0 1.0
1.0 -1.0 -1.0 -1.0 1.0
1.0 -1.0 -1.0 -1.0 1.0
1.0 -1.0 -1.0 -1.0 1.0
1.0 -1.0 -1.0 -1.0 1.0
1.0 -1.0 -1.0 -1.0 1.0
1.0 -1.0 -1.0 -1.0 1.0
1.0 -1.0 -1.0 -1.0 1.0
1.0 -1.0 -1.0 -1.0 1.0
Fitness: -8589.921233206926
Instances 40: 01-May-17
1.0 -1.0 -1.0 -1.0 1.0
1.0 -1.0 -1.0 -1.0 1.0
1.0 -1.0 -1.0 -1.0 1.0
1.0 -1.0 -1.0 -1.0 1.0
1.0 -1.0 -1.0 -1.0 1.0
1.0 -1.0 -1.0 -1.0 1.0
1.0 -1.0 -1.0 -1.0 1.0
1.0 -1.0 -1.0 -1.0 1.0
1.0 -1.0 -1.0 -1.0 1.0
1.0 -1.0 -1.0 -1.0 1.0
1.0 -1.0 -1.0 -1.0 1.0
1.0 -1.0 -1.0 -1.0 1.0
1.0 -1.0 -1.0 -1.0 1.0
1.0 -1.0 -1.0 -1.0 1.0
1.0 -1.0 -1.0 -1.0 1.0
1.0 -1.0 -1.0 -1.0 1.0
1.0 -1.0 -1.0 -1.0 1.0
1.0 -1.0 -1.0 -1.0 1.0
1.0 -1.0 -1.0 -1.0 1.0
1.0 -1.0 -1.0 -1.0 1.0
1.0 -1.0 -1.0 -1.0 1.0
1.0 -1.0 -1.0 -1.0 1.0
1.0 -1.0 -1.0 -1.0 1.0
1.0 -1.0 -1.0 -1.0 1.0
Fitness: -8063.6089953702285
Instances 41: 02-May-17
1.0 -1.0 -1.0 -1.0 1.0
1.0 -1.0 -1.0 -1.0 1.0
1.0 -1.0 -1.0 -1.0 1.0
1.0 -1.0 -1.0 -1.0 1.0
1.0 -1.0 -1.0 -1.0 1.0
1.0 -1.0 -1.0 -1.0 1.0
1.0 -1.0 -1.0 -1.0 1.0
1.0 -1.0 -1.0 -1.0 1.0
1.0 -1.0 -1.0 -1.0 1.0
1.0 -1.0 -1.0 -1.0 1.0
1.0 -1.0 -1.0 -1.0 1.0
1.0 -1.0 -1.0 -1.0 1.0
1.0 -1.0 -1.0 -1.0 1.0
1.0 -1.0 -1.0 -1.0 1.0
1.0 -1.0 -1.0 -1.0 1.0
1.0 -1.0 -1.0 -1.0 1.0
1.0 -1.0 -1.0 -1.0 1.0
1.0 -1.0 -1.0 -1.0 1.0
1.0 -1.0 -1.0 -1.0 1.0
1.0 -1.0 -1.0 -1.0 1.0
1.0 -1.0 -1.0 -1.0 1.0
1.0 -1.0 -1.0 -1.0 1.0
1.0 -1.0 -1.0 -1.0 1.0
1.0 -1.0 -1.0 -1.0 1.0
Fitness: -5673.608087277063
Instances 42: 03-May-17
1.0 -1.0 -1.0 -1.0 1.0
1.0 -1.0 -1.0 -1.0 1.0
1.0 -1.0 -1.0 -1.0 1.0
1.0 -1.0 -1.0 -1.0 1.0
1.0 -1.0 -1.0 -1.0 1.0
1.0 -1.0 -1.0 -1.0 1.0
1.0 -1.0 -1.0 -1.0 1.0
1.0 -1.0 -1.0 -1.0 1.0
1.0 -1.0 -1.0 -1.0 1.0
1.0 -1.0 -1.0 -1.0 1.0
1.0 -1.0 -1.0 -1.0 1.0
1.0 -1.0 -1.0 -1.0 1.0
1.0 -1.0 -1.0 -1.0 1.0
1.0 -1.0 -1.0 -1.0 1.0
1.0 -1.0 -1.0 -1.0 1.0
1.0 -1.0 -1.0 -1.0 1.0
1.0 -1.0 -1.0 -1.0 1.0
1.0 -1.0 -1.0 -1.0 1.0
1.0 -1.0 -1.0 -1.0 1.0
1.0 -1.0 -1.0 -1.0 1.0
1.0 -1.0 -1.0 -1.0 1.0
1.0 -1.0 -1.0 -1.0 1.0
1.0 -1.0 -1.0 -1.0 1.0
1.0 -1.0 -1.0 -1.0 1.0
Fitness: -6362.311440996826
Instances 43: 24-May-17
1.0 -1.0 -1.0 -1.0 1.0
1.0 -1.0 -1.0 -1.0 1.0
1.0 -1.0 -1.0 -1.0 1.0
1.0 -1.0 -1.0 -1.0 1.0
1.0 -1.0 -1.0 -1.0 1.0
1.0 -1.0 -1.0 -1.0 1.0
1.0 -1.0 -1.0 -1.0 1.0
1.0 -1.0 -1.0 -1.0 1.0
1.0 -1.0 -1.0 -1.0 1.0
1.0 -1.0 -1.0 -1.0 1.0
1.0 -1.0 -1.0 -1.0 1.0
1.0 -1.0 -1.0 -1.0 1.0
1.0 -1.0 -1.0 -1.0 1.0
1.0 -1.0 -1.0 -1.0 1.0
1.0 -1.0 -1.0 -1.0 1.0
1.0 -1.0 -1.0 -1.0 1.0
1.0 -1.0 -1.0 -1.0 1.0
1.0 -1.0 -1.0 -1.0 1.0
1.0 -1.0 -1.0 -1.0 1.0
1.0 -1.0 -1.0 -1.0 1.0
1.0 -1.0 -1.0 -1.0 1.0
1.0 -1.0 -1.0 -1.0 1.0
1.0 -1.0 -1.0 -1.0 1.0
1.0 -1.0 -1.0 -1.0 1.0
Fitness: -8545.33054949316
Instances 44: 25-May-17
1.0 -1.0 -1.0 -1.0 1.0
1.0 -1.0 -1.0 -1.0 1.0
1.0 -1.0 -1.0 -1.0 1.0
1.0 -1.0 -1.0 -1.0 1.0
1.0 -1.0 -1.0 -1.0 1.0
1.0 -1.0 -1.0 -1.0 1.0
1.0 -1.0 -1.0 -1.0 1.0
1.0 -1.0 -1.0 -1.0 1.0
1.0 -1.0 -1.0 -1.0 1.0
1.0 -1.0 -1.0 -1.0 1.0
1.0 -1.0 -1.0 -1.0 1.0
1.0 -1.0 -1.0 -1.0 1.0
1.0 -1.0 -1.0 -1.0 1.0
1.0 -1.0 -1.0 -1.0 1.0
1.0 -1.0 -1.0 -1.0 1.0
1.0 -1.0 -1.0 -1.0 1.0
1.0 -1.0 -1.0 -1.0 1.0
1.0 -1.0 -1.0 -1.0 1.0
1.0 -1.0 -1.0 -1.0 1.0
1.0 -1.0 -1.0 -1.0 1.0
1.0 -1.0 -1.0 -1.0 1.0
1.0 -1.0 -1.0 -1.0 1.0
1.0 -1.0 -1.0 -1.0 1.0
1.0 -1.0 -1.0 -1.0 1.0
Fitness: -8048.06678396546
Instances 45: 26-May-17
1.0 -1.0 -1.0 -1.0 1.0
1.0 -1.0 -1.0 -1.0 1.0
1.0 -1.0 -1.0 -1.0 1.0
1.0 -1.0 -1.0 -1.0 1.0
1.0 -1.0 -1.0 -1.0 1.0
1.0 -1.0 -1.0 -1.0 1.0
1.0 -1.0 -1.0 -1.0 1.0
1.0 -1.0 -1.0 -1.0 1.0
1.0 -1.0 -1.0 -1.0 1.0
1.0 -1.0 -1.0 -1.0 1.0
1.0 -1.0 -1.0 -1.0 1.0
1.0 -1.0 -1.0 -1.0 1.0
1.0 -1.0 -1.0 -1.0 1.0
1.0 -1.0 -1.0 -1.0 1.0
1.0 -1.0 -1.0 -1.0 1.0
1.0 -1.0 -1.0 -1.0 1.0
1.0 -1.0 -1.0 -1.0 1.0
1.0 -1.0 -1.0 -1.0 1.0
1.0 -1.0 -1.0 -1.0 1.0
1.0 -1.0 -1.0 -1.0 1.0
1.0 -1.0 -1.0 -1.0 1.0
1.0 -1.0 -1.0 -1.0 1.0
1.0 -1.0 -1.0 -1.0 1.0
1.0 -1.0 -1.0 -1.0 1.0
Fitness: -7100.03286684068
Instances 46: 27-May-17
1.0 -1.0 -1.0 -1.0 1.0
1.0 -1.0 -1.0 -1.0 1.0
1.0 -1.0 -1.0 -1.0 1.0
1.0 -1.0 -1.0 -1.0 1.0
1.0 -1.0 -1.0 -1.0 1.0
1.0 -1.0 -1.0 -1.0 1.0
1.0 -1.0 -1.0 -1.0 1.0
1.0 -1.0 -1.0 -1.0 1.0
1.0 -1.0 -1.0 -1.0 1.0
1.0 -1.0 -1.0 -1.0 1.0
1.0 -1.0 -1.0 -1.0 1.0
1.0 -1.0 -1.0 -1.0 1.0
1.0 -1.0 -1.0 -1.0 1.0
1.0 -1.0 -1.0 -1.0 1.0
1.0 -1.0 -1.0 -1.0 1.0
1.0 -1.0 -1.0 -1.0 1.0
1.0 -1.0 -1.0 -1.0 1.0
1.0 -1.0 -1.0 -1.0 1.0
1.0 -1.0 -1.0 -1.0 1.0
1.0 -1.0 -1.0 -1.0 1.0
1.0 -1.0 -1.0 -1.0 1.0
1.0 -1.0 -1.0 -1.0 1.0
1.0 -1.0 -1.0 -1.0 1.0
1.0 -1.0 -1.0 -1.0 1.0
Fitness: -6951.803425592852
Instances 47: 28-May-17
1.0 -1.0 -1.0 -1.0 1.0
1.0 -1.0 -1.0 -1.0 1.0
1.0 -1.0 -1.0 -1.0 1.0
1.0 -1.0 -1.0 -1.0 1.0
1.0 -1.0 -1.0 -1.0 1.0
1.0 -1.0 -1.0 -1.0 1.0
1.0 -1.0 -1.0 -1.0 1.0
1.0 -1.0 -1.0 -1.0 1.0
1.0 -1.0 -1.0 -1.0 1.0
1.0 -1.0 -1.0 -1.0 1.0
1.0 -1.0 -1.0 -1.0 1.0
1.0 -1.0 -1.0 -1.0 1.0
1.0 -1.0 -1.0 -1.0 1.0
1.0 -1.0 -1.0 -1.0 1.0
1.0 -1.0 -1.0 -1.0 1.0
1.0 -1.0 -1.0 -1.0 1.0
1.0 -1.0 -1.0 -1.0 1.0
1.0 -1.0 -1.0 -1.0 1.0
1.0 -1.0 -1.0 -1.0 1.0
1.0 -1.0 -1.0 -1.0 1.0
1.0 -1.0 -1.0 -1.0 1.0
1.0 -1.0 -1.0 -1.0 1.0
1.0 -1.0 -1.0 -1.0 1.0
1.0 -1.0 -1.0 -1.0 1.0
Fitness: -7923.5688032986545
Instances 48: 29-May-17
1.0 -1.0 -1.0 -1.0 1.0
1.0 -1.0 -1.0 -1.0 1.0
1.0 -1.0 -1.0 -1.0 1.0
1.0 -1.0 -1.0 -1.0 1.0
1.0 -1.0 -1.0 -1.0 1.0
1.0 -1.0 -1.0 -1.0 1.0
1.0 -1.0 -1.0 -1.0 1.0
1.0 -1.0 -1.0 -1.0 1.0
1.0 -1.0 -1.0 -1.0 1.0
1.0 -1.0 -1.0 -1.0 1.0
1.0 -1.0 -1.0 -1.0 1.0
1.0 -1.0 -1.0 -1.0 1.0
1.0 -1.0 -1.0 -1.0 1.0
1.0 -1.0 -1.0 -1.0 1.0
1.0 -1.0 -1.0 -1.0 1.0
1.0 -1.0 -1.0 -1.0 1.0
1.0 -1.0 -1.0 -1.0 1.0
1.0 -1.0 -1.0 -1.0 1.0
1.0 -1.0 -1.0 -1.0 1.0
1.0 -1.0 -1.0 -1.0 1.0
1.0 -1.0 -1.0 -1.0 1.0
1.0 -1.0 -1.0 -1.0 1.0
1.0 -1.0 -1.0 -1.0 1.0
1.0 -1.0 -1.0 -1.0 1.0
Fitness: -8375.73375744726
Instances 49: 30-May-17
1.0 -1.0 -1.0 -1.0 1.0
1.0 -1.0 -1.0 -1.0 1.0
1.0 -1.0 -1.0 -1.0 1.0
1.0 -1.0 -1.0 -1.0 1.0
1.0 -1.0 -1.0 -1.0 1.0
1.0 -1.0 -1.0 -1.0 1.0
1.0 -1.0 -1.0 -1.0 1.0
1.0 -1.0 -1.0 -1.0 1.0
1.0 -1.0 -1.0 -1.0 1.0
1.0 -1.0 -1.0 -1.0 1.0
1.0 -1.0 -1.0 -1.0 1.0
1.0 -1.0 -1.0 -1.0 1.0
1.0 -1.0 -1.0 -1.0 1.0
1.0 -1.0 -1.0 -1.0 1.0
1.0 -1.0 -1.0 -1.0 1.0
1.0 -1.0 -1.0 -1.0 1.0
1.0 -1.0 -1.0 -1.0 1.0
1.0 -1.0 -1.0 -1.0 1.0
1.0 -1.0 -1.0 -1.0 1.0
1.0 -1.0 -1.0 -1.0 1.0
1.0 -1.0 -1.0 -1.0 1.0
1.0 -1.0 -1.0 -1.0 1.0
1.0 -1.0 -1.0 -1.0 1.0
1.0 -1.0 -1.0 -1.0 1.0
Fitness: -7756.034786949168
Instances 50: 31-May-17
1.0 -1.0 -1.0 -1.0 1.0
1.0 -1.0 -1.0 -1.0 1.0
1.0 -1.0 -1.0 -1.0 1.0
1.0 -1.0 -1.0 -1.0 1.0
1.0 -1.0 -1.0 -1.0 1.0
1.0 -1.0 -1.0 -1.0 1.0
1.0 -1.0 -1.0 -1.0 1.0
1.0 -1.0 -1.0 -1.0 1.0
1.0 -1.0 -1.0 -1.0 1.0
1.0 -1.0 -1.0 -1.0 1.0
1.0 -1.0 -1.0 -1.0 1.0
1.0 -1.0 -1.0 -1.0 1.0
1.0 -1.0 -1.0 -1.0 1.0
1.0 -1.0 -1.0 -1.0 1.0
1.0 -1.0 -1.0 -1.0 1.0
1.0 -1.0 -1.0 -1.0 1.0
1.0 -1.0 -1.0 -1.0 1.0
1.0 -1.0 -1.0 -1.0 1.0
1.0 -1.0 -1.0 -1.0 1.0
1.0 -1.0 -1.0 -1.0 1.0
1.0 -1.0 -1.0 -1.0 1.0
1.0 -1.0 -1.0 -1.0 1.0
1.0 -1.0 -1.0 -1.0 1.0
1.0 -1.0 -1.0 -1.0 1.0
Fitness: -7590.113403096196
Instances 51: 01-Jun-17
1.0 -1.0 -1.0 -1.0 1.0
1.0 -1.0 -1.0 -1.0 1.0
1.0 -1.0 -1.0 -1.0 1.0
1.0 -1.0 -1.0 -1.0 1.0
1.0 -1.0 -1.0 -1.0 1.0
1.0 -1.0 -1.0 -1.0 1.0
1.0 -1.0 -1.0 -1.0 1.0
1.0 -1.0 -1.0 -1.0 1.0
1.0 -1.0 -1.0 -1.0 1.0
1.0 -1.0 -1.0 -1.0 1.0
1.0 -1.0 -1.0 -1.0 1.0
1.0 -1.0 -1.0 -1.0 1.0
1.0 -1.0 -1.0 -1.0 1.0
1.0 -1.0 -1.0 -1.0 1.0
1.0 -1.0 -1.0 -1.0 1.0
1.0 -1.0 -1.0 -1.0 1.0
1.0 -1.0 -1.0 -1.0 1.0
1.0 -1.0 -1.0 -1.0 1.0
1.0 -1.0 -1.0 -1.0 1.0
1.0 -1.0 -1.0 -1.0 1.0
1.0 -1.0 -1.0 -1.0 1.0
1.0 -1.0 -1.0 -1.0 1.0
1.0 -1.0 -1.0 -1.0 1.0
1.0 -1.0 -1.0 -1.0 1.0
Fitness: -8162.156493366686
Instances 52: 02-Jun-17
1.0 -1.0 -1.0 -1.0 1.0
1.0 -1.0 -1.0 -1.0 1.0
1.0 -1.0 -1.0 -1.0 1.0
1.0 -1.0 -1.0 -1.0 1.0
1.0 -1.0 -1.0 -1.0 1.0
1.0 -1.0 -1.0 -1.0 1.0
1.0 -1.0 -1.0 -1.0 1.0
1.0 -1.0 -1.0 -1.0 1.0
1.0 -1.0 -1.0 -1.0 1.0
1.0 -1.0 -1.0 -1.0 1.0
1.0 -1.0 -1.0 -1.0 1.0
1.0 -1.0 -1.0 -1.0 1.0
1.0 -1.0 -1.0 -1.0 1.0
1.0 -1.0 -1.0 -1.0 1.0
1.0 -1.0 -1.0 -1.0 1.0
1.0 -1.0 -1.0 -1.0 1.0
1.0 -1.0 -1.0 -1.0 1.0
1.0 -1.0 -1.0 -1.0 1.0
1.0 -1.0 -1.0 -1.0 1.0
1.0 -1.0 -1.0 -1.0 1.0
1.0 -1.0 -1.0 -1.0 1.0
1.0 -1.0 -1.0 -1.0 1.0
1.0 -1.0 -1.0 -1.0 1.0
1.0 -1.0 -1.0 -1.0 1.0
Fitness: -7337.135549625338
Instances 53: 23-Jun-17
1.0 -1.0 -1.0 -1.0 1.0
1.0 -1.0 -1.0 -1.0 1.0
1.0 -1.0 -1.0 -1.0 1.0
1.0 -1.0 -1.0 -1.0 1.0
1.0 -1.0 -1.0 -1.0 1.0
1.0 -1.0 -1.0 -1.0 1.0
1.0 -1.0 -1.0 -1.0 1.0
1.0 -1.0 -1.0 -1.0 1.0
1.0 -1.0 -1.0 -1.0 1.0
1.0 -1.0 -1.0 -1.0 1.0
1.0 -1.0 -1.0 -1.0 1.0
1.0 -1.0 -1.0 -1.0 1.0
1.0 -1.0 -1.0 -1.0 1.0
1.0 -1.0 -1.0 -1.0 1.0
1.0 -1.0 -1.0 -1.0 1.0
1.0 -1.0 -1.0 -1.0 1.0
1.0 -1.0 -1.0 -1.0 1.0
1.0 -1.0 -1.0 -1.0 1.0
1.0 -1.0 -1.0 -1.0 1.0
1.0 -1.0 -1.0 -1.0 1.0
1.0 -1.0 -1.0 -1.0 1.0
1.0 -1.0 -1.0 -1.0 1.0
1.0 -1.0 -1.0 -1.0 1.0
1.0 -1.0 -1.0 -1.0 1.0
Fitness: -2634.3272152731515
Instances 54: 24-Jun-17
1.0 -1.0 -1.0 -1.0 1.0
1.0 -1.0 -1.0 -1.0 1.0
1.0 -1.0 -1.0 -1.0 1.0
1.0 -1.0 -1.0 -1.0 1.0
1.0 -1.0 -1.0 -1.0 1.0
1.0 -1.0 -1.0 -1.0 1.0
1.0 -1.0 -1.0 -1.0 1.0
1.0 -1.0 -1.0 -1.0 1.0
1.0 -1.0 -1.0 -1.0 1.0
1.0 -1.0 -1.0 -1.0 1.0
1.0 -1.0 -1.0 -1.0 1.0
1.0 -1.0 -1.0 -1.0 1.0
1.0 -1.0 -1.0 -1.0 1.0
1.0 -1.0 -1.0 -1.0 1.0
1.0 -1.0 -1.0 -1.0 1.0
1.0 -1.0 -1.0 -1.0 1.0
1.0 -1.0 -1.0 -1.0 1.0
1.0 -1.0 -1.0 -1.0 1.0
1.0 -1.0 -1.0 -1.0 1.0
1.0 -1.0 -1.0 -1.0 1.0
1.0 -1.0 -1.0 -1.0 1.0
1.0 -1.0 -1.0 -1.0 1.0
1.0 -1.0 -1.0 -1.0 1.0
1.0 -1.0 -1.0 -1.0 1.0
Fitness: -4418.181650919254
Instances 55: 25-Jun-17
1.0 -1.0 -1.0 -1.0 1.0
1.0 -1.0 -1.0 -1.0 1.0
1.0 -1.0 -1.0 -1.0 1.0
1.0 -1.0 -1.0 -1.0 1.0
1.0 -1.0 -1.0 -1.0 1.0
1.0 -1.0 -1.0 -1.0 1.0
1.0 -1.0 -1.0 -1.0 1.0
1.0 -1.0 -1.0 -1.0 1.0
1.0 -1.0 -1.0 -1.0 1.0
1.0 -1.0 -1.0 -1.0 1.0
1.0 -1.0 -1.0 -1.0 1.0
1.0 -1.0 -1.0 -1.0 1.0
1.0 -1.0 -1.0 -1.0 1.0
1.0 -1.0 -1.0 -1.0 1.0
1.0 -1.0 -1.0 -1.0 1.0
1.0 -1.0 -1.0 -1.0 1.0
1.0 -1.0 -1.0 -1.0 1.0
1.0 -1.0 -1.0 -1.0 1.0
1.0 -1.0 -1.0 -1.0 1.0
1.0 -1.0 -1.0 -1.0 1.0
1.0 -1.0 -1.0 -1.0 1.0
1.0 -1.0 -1.0 -1.0 1.0
1.0 -1.0 -1.0 -1.0 1.0
1.0 -1.0 -1.0 -1.0 1.0
Fitness: -3594.274211085912
Instances 56: 26-Jun-17
1.0 -1.0 -1.0 -1.0 1.0
1.0 -1.0 -1.0 -1.0 1.0
1.0 -1.0 -1.0 -1.0 1.0
1.0 -1.0 -1.0 -1.0 1.0
1.0 -1.0 -1.0 -1.0 1.0
1.0 -1.0 -1.0 -1.0 1.0
1.0 -1.0 -1.0 -1.0 1.0
1.0 -1.0 -1.0 -1.0 1.0
1.0 -1.0 -1.0 -1.0 1.0
1.0 -1.0 -1.0 -1.0 1.0
1.0 -1.0 -1.0 -1.0 1.0
1.0 -1.0 -1.0 -1.0 1.0
1.0 -1.0 -1.0 -1.0 1.0
1.0 -1.0 -1.0 -1.0 1.0
1.0 -1.0 -1.0 -1.0 1.0
1.0 -1.0 -1.0 -1.0 1.0
1.0 -1.0 -1.0 -1.0 1.0
1.0 -1.0 -1.0 -1.0 1.0
1.0 -1.0 -1.0 -1.0 1.0
1.0 -1.0 -1.0 -1.0 1.0
1.0 -1.0 -1.0 -1.0 1.0
1.0 -1.0 -1.0 -1.0 1.0
1.0 -1.0 -1.0 -1.0 1.0
1.0 -1.0 -1.0 -1.0 1.0
Fitness: -3552.0610535734704
Instances 57: 27-Jun-17
1.0 -1.0 -1.0 -1.0 1.0
1.0 -1.0 -1.0 -1.0 1.0
1.0 -1.0 -1.0 -1.0 1.0
1.0 -1.0 -1.0 -1.0 1.0
1.0 -1.0 -1.0 -1.0 1.0
1.0 -1.0 -1.0 -1.0 1.0
1.0 -1.0 -1.0 -1.0 1.0
1.0 -1.0 -1.0 -1.0 1.0
1.0 -1.0 -1.0 -1.0 1.0
1.0 -1.0 -1.0 -1.0 1.0
1.0 -1.0 -1.0 -1.0 1.0
1.0 -1.0 -1.0 -1.0 1.0
1.0 -1.0 -1.0 -1.0 1.0
1.0 -1.0 -1.0 -1.0 1.0
1.0 -1.0 -1.0 -1.0 1.0
1.0 -1.0 -1.0 -1.0 1.0
1.0 -1.0 -1.0 -1.0 1.0
1.0 -1.0 -1.0 -1.0 1.0
1.0 -1.0 -1.0 -1.0 1.0
1.0 -1.0 -1.0 -1.0 1.0
1.0 -1.0 -1.0 -1.0 1.0
1.0 -1.0 -1.0 -1.0 1.0
1.0 -1.0 -1.0 -1.0 1.0
1.0 -1.0 -1.0 -1.0 1.0
Fitness: -5057.926904511034
Instances 58: 28-Jun-17
1.0 -1.0 -1.0 -1.0 1.0
1.0 -1.0 -1.0 -1.0 1.0
1.0 -1.0 -1.0 -1.0 1.0
1.0 -1.0 -1.0 -1.0 1.0
1.0 -1.0 -1.0 -1.0 1.0
1.0 -1.0 -1.0 -1.0 1.0
1.0 -1.0 -1.0 -1.0 1.0
1.0 -1.0 -1.0 -1.0 1.0
1.0 -1.0 -1.0 -1.0 1.0
1.0 -1.0 -1.0 -1.0 1.0
1.0 -1.0 -1.0 -1.0 1.0
1.0 -1.0 -1.0 -1.0 1.0
1.0 -1.0 -1.0 -1.0 1.0
1.0 -1.0 -1.0 -1.0 1.0
1.0 -1.0 -1.0 -1.0 1.0
1.0 -1.0 -1.0 -1.0 1.0
1.0 -1.0 -1.0 -1.0 1.0
1.0 -1.0 -1.0 -1.0 1.0
1.0 -1.0 -1.0 -1.0 1.0
1.0 -1.0 -1.0 -1.0 1.0
1.0 -1.0 -1.0 -1.0 1.0
1.0 -1.0 -1.0 -1.0 1.0
1.0 -1.0 -1.0 -1.0 1.0
1.0 -1.0 -1.0 -1.0 1.0
Fitness: -3964.54208510777
Instances 59: 29-Jun-17
1.0 -1.0 -1.0 -1.0 1.0
1.0 -1.0 -1.0 -1.0 1.0
1.0 -1.0 -1.0 -1.0 1.0
1.0 -1.0 -1.0 -1.0 1.0
1.0 -1.0 -1.0 -1.0 1.0
1.0 -1.0 -1.0 -1.0 1.0
1.0 -1.0 -1.0 -1.0 1.0
1.0 -1.0 -1.0 -1.0 1.0
1.0 -1.0 -1.0 -1.0 1.0
1.0 -1.0 -1.0 -1.0 1.0
1.0 -1.0 -1.0 -1.0 1.0
1.0 -1.0 -1.0 -1.0 1.0
1.0 -1.0 -1.0 -1.0 1.0
1.0 -1.0 -1.0 -1.0 1.0
1.0 -1.0 -1.0 -1.0 1.0
1.0 -1.0 -1.0 -1.0 1.0
1.0 -1.0 -1.0 -1.0 1.0
1.0 -1.0 -1.0 -1.0 1.0
1.0 -1.0 -1.0 -1.0 1.0
1.0 -1.0 -1.0 -1.0 1.0
1.0 -1.0 -1.0 -1.0 1.0
1.0 -1.0 -1.0 -1.0 1.0
1.0 -1.0 -1.0 -1.0 1.0
1.0 -1.0 -1.0 -1.0 1.0
Fitness: -3971.7723489748937
Instances 60: 30-Jun-17
1.0 -1.0 -1.0 -1.0 1.0
1.0 -1.0 -1.0 -1.0 1.0
1.0 -1.0 -1.0 -1.0 1.0
1.0 -1.0 -1.0 -1.0 1.0
1.0 -1.0 -1.0 -1.0 1.0
1.0 -1.0 -1.0 -1.0 1.0
1.0 -1.0 -1.0 -1.0 1.0
1.0 -1.0 -1.0 -1.0 1.0
1.0 -1.0 -1.0 -1.0 1.0
1.0 -1.0 -1.0 -1.0 1.0
1.0 -1.0 -1.0 -1.0 1.0
1.0 -1.0 -1.0 -1.0 1.0
1.0 -1.0 -1.0 -1.0 1.0
1.0 -1.0 -1.0 -1.0 1.0
1.0 -1.0 -1.0 -1.0 1.0
1.0 -1.0 -1.0 -1.0 1.0
1.0 -1.0 -1.0 -1.0 1.0
1.0 -1.0 -1.0 -1.0 1.0
1.0 -1.0 -1.0 -1.0 1.0
1.0 -1.0 -1.0 -1.0 1.0
1.0 -1.0 -1.0 -1.0 1.0
1.0 -1.0 -1.0 -1.0 1.0
1.0 -1.0 -1.0 -1.0 1.0
1.0 -1.0 -1.0 -1.0 1.0
Fitness: -4120.89484759191
Instances 61: 01-Jul-17
1.0 -1.0 -1.0 -1.0 1.0
1.0 -1.0 -1.0 -1.0 1.0
1.0 -1.0 -1.0 -1.0 1.0
1.0 -1.0 -1.0 -1.0 1.0
1.0 -1.0 -1.0 -1.0 1.0
1.0 -1.0 -1.0 -1.0 1.0
1.0 -1.0 -1.0 -1.0 1.0
1.0 -1.0 -1.0 -1.0 1.0
1.0 -1.0 -1.0 -1.0 1.0
1.0 -1.0 -1.0 -1.0 1.0
1.0 -1.0 -1.0 -1.0 1.0
1.0 -1.0 -1.0 -1.0 1.0
1.0 -1.0 -1.0 -1.0 1.0
1.0 -1.0 -1.0 -1.0 1.0
1.0 -1.0 -1.0 -1.0 1.0
1.0 -1.0 -1.0 -1.0 1.0
1.0 -1.0 -1.0 -1.0 1.0
1.0 -1.0 -1.0 -1.0 1.0
1.0 -1.0 -1.0 -1.0 1.0
1.0 -1.0 -1.0 -1.0 1.0
1.0 -1.0 -1.0 -1.0 1.0
1.0 -1.0 -1.0 -1.0 1.0
1.0 -1.0 -1.0 -1.0 1.0
1.0 -1.0 -1.0 -1.0 1.0
Fitness: -4871.609476004635
Instances 62: 02-Jul-17
1.0 -1.0 -1.0 -1.0 1.0
1.0 -1.0 -1.0 -1.0 1.0
1.0 -1.0 -1.0 -1.0 1.0
1.0 -1.0 -1.0 -1.0 1.0
1.0 -1.0 -1.0 -1.0 1.0
1.0 -1.0 -1.0 -1.0 1.0
1.0 -1.0 -1.0 -1.0 1.0
1.0 -1.0 -1.0 -1.0 1.0
1.0 -1.0 -1.0 -1.0 1.0
1.0 -1.0 -1.0 -1.0 1.0
1.0 -1.0 -1.0 -1.0 1.0
1.0 -1.0 -1.0 -1.0 1.0
1.0 -1.0 -1.0 -1.0 1.0
1.0 -1.0 -1.0 -1.0 1.0
1.0 -1.0 -1.0 -1.0 1.0
1.0 -1.0 -1.0 -1.0 1.0
1.0 -1.0 -1.0 -1.0 1.0
1.0 -1.0 -1.0 -1.0 1.0
1.0 -1.0 -1.0 -1.0 1.0
1.0 -1.0 -1.0 -1.0 1.0
1.0 -1.0 -1.0 -1.0 1.0
1.0 -1.0 -1.0 -1.0 1.0
1.0 -1.0 -1.0 -1.0 1.0
1.0 -1.0 -1.0 -1.0 1.0
Fitness: -4759.9702935064015
Instances 63: 03-Jul-17
1.0 -1.0 -1.0 -1.0 1.0
1.0 -1.0 -1.0 -1.0 1.0
1.0 -1.0 -1.0 -1.0 1.0
1.0 -1.0 -1.0 -1.0 1.0
1.0 -1.0 -1.0 -1.0 1.0
1.0 -1.0 -1.0 -1.0 1.0
1.0 -1.0 -1.0 -1.0 1.0
1.0 -1.0 -1.0 -1.0 1.0
1.0 -1.0 -1.0 -1.0 1.0
1.0 -1.0 -1.0 -1.0 1.0
1.0 -1.0 -1.0 -1.0 1.0
1.0 -1.0 -1.0 -1.0 1.0
1.0 -1.0 -1.0 -1.0 1.0
1.0 -1.0 -1.0 -1.0 1.0
1.0 -1.0 -1.0 -1.0 1.0
1.0 -1.0 -1.0 -1.0 1.0
1.0 -1.0 -1.0 -1.0 1.0
1.0 -1.0 -1.0 -1.0 1.0
1.0 -1.0 -1.0 -1.0 1.0
1.0 -1.0 -1.0 -1.0 1.0
1.0 -1.0 -1.0 -1.0 1.0
1.0 -1.0 -1.0 -1.0 1.0
1.0 -1.0 -1.0 -1.0 1.0
1.0 -1.0 -1.0 -1.0 1.0
Fitness: -6564.174648521762
Instances 64: 24-Jul-17
1.0 -1.0 -1.0 -1.0 1.0
1.0 -1.0 -1.0 -1.0 1.0
1.0 -1.0 -1.0 -1.0 1.0
1.0 -1.0 -1.0 -1.0 1.0
1.0 -1.0 -1.0 -1.0 1.0
1.0 -1.0 -1.0 -1.0 1.0
1.0 -1.0 -1.0 -1.0 1.0
1.0 -1.0 -1.0 -1.0 1.0
1.0 -1.0 -1.0 -1.0 1.0
1.0 -1.0 -1.0 -1.0 1.0
1.0 -1.0 -1.0 -1.0 1.0
1.0 -1.0 -1.0 -1.0 1.0
1.0 -1.0 -1.0 -1.0 1.0
1.0 -1.0 -1.0 -1.0 1.0
1.0 -1.0 -1.0 -1.0 1.0
1.0 -1.0 -1.0 -1.0 1.0
1.0 -1.0 -1.0 -1.0 1.0
1.0 -1.0 -1.0 -1.0 1.0
1.0 -1.0 -1.0 -1.0 1.0
1.0 -1.0 -1.0 -1.0 1.0
1.0 -1.0 -1.0 -1.0 1.0
1.0 -1.0 -1.0 -1.0 1.0
1.0 -1.0 -1.0 -1.0 1.0
1.0 -1.0 -1.0 -1.0 1.0
Fitness: -6046.893802536173
Instances 65: 25-Jul-17
1.0 -1.0 -1.0 -1.0 1.0
1.0 -1.0 -1.0 -1.0 1.0
1.0 -1.0 -1.0 -1.0 1.0
1.0 -1.0 -1.0 -1.0 1.0
1.0 -1.0 -1.0 -1.0 1.0
1.0 -1.0 -1.0 -1.0 1.0
1.0 -1.0 -1.0 -1.0 1.0
1.0 -1.0 -1.0 -1.0 1.0
1.0 -1.0 -1.0 -1.0 1.0
1.0 -1.0 -1.0 -1.0 1.0
1.0 -1.0 -1.0 -1.0 1.0
1.0 -1.0 -1.0 -1.0 1.0
1.0 -1.0 -1.0 -1.0 1.0
1.0 -1.0 -1.0 -1.0 1.0
1.0 -1.0 -1.0 -1.0 1.0
1.0 -1.0 -1.0 -1.0 1.0
1.0 -1.0 -1.0 -1.0 1.0
1.0 -1.0 -1.0 -1.0 1.0
1.0 -1.0 -1.0 -1.0 1.0
1.0 -1.0 -1.0 -1.0 1.0
1.0 -1.0 -1.0 -1.0 1.0
1.0 -1.0 -1.0 -1.0 1.0
1.0 -1.0 -1.0 -1.0 1.0
1.0 -1.0 -1.0 -1.0 1.0
Fitness: -2693.0237623244698
Instances 66: 26-Jul-17
1.0 -1.0 -1.0 -1.0 1.0
1.0 -1.0 -1.0 -1.0 1.0
1.0 -1.0 -1.0 -1.0 1.0
1.0 -1.0 -1.0 -1.0 1.0
1.0 -1.0 -1.0 -1.0 1.0
1.0 -1.0 -1.0 -1.0 1.0
1.0 -1.0 -1.0 -1.0 1.0
1.0 -1.0 -1.0 -1.0 1.0
1.0 -1.0 -1.0 -1.0 1.0
1.0 -1.0 -1.0 -1.0 1.0
1.0 -1.0 -1.0 -1.0 1.0
1.0 -1.0 -1.0 -1.0 1.0
1.0 -1.0 -1.0 -1.0 1.0
1.0 -1.0 -1.0 -1.0 1.0
1.0 -1.0 -1.0 -1.0 1.0
1.0 -1.0 -1.0 -1.0 1.0
1.0 -1.0 -1.0 -1.0 1.0
1.0 -1.0 -1.0 -1.0 1.0
1.0 -1.0 -1.0 -1.0 1.0
1.0 -1.0 -1.0 -1.0 1.0
1.0 -1.0 -1.0 -1.0 1.0
1.0 -1.0 -1.0 -1.0 1.0
1.0 -1.0 -1.0 -1.0 1.0
1.0 -1.0 -1.0 -1.0 1.0
Fitness: -3483.183099450262
Instances 67: 27-Jul-17
1.0 -1.0 -1.0 -1.0 1.0
1.0 -1.0 -1.0 -1.0 1.0
1.0 -1.0 -1.0 -1.0 1.0
1.0 -1.0 -1.0 -1.0 1.0
1.0 -1.0 -1.0 -1.0 1.0
1.0 -1.0 -1.0 -1.0 1.0
1.0 -1.0 -1.0 -1.0 1.0
1.0 -1.0 -1.0 -1.0 1.0
1.0 -1.0 -1.0 -1.0 1.0
1.0 -1.0 -1.0 -1.0 1.0
1.0 -1.0 -1.0 -1.0 1.0
1.0 -1.0 -1.0 -1.0 1.0
1.0 -1.0 -1.0 -1.0 1.0
1.0 -1.0 -1.0 -1.0 1.0
1.0 -1.0 -1.0 -1.0 1.0
1.0 -1.0 -1.0 -1.0 1.0
1.0 -1.0 -1.0 -1.0 1.0
1.0 -1.0 -1.0 -1.0 1.0
1.0 -1.0 -1.0 -1.0 1.0
1.0 -1.0 -1.0 -1.0 1.0
1.0 -1.0 -1.0 -1.0 1.0
1.0 -1.0 -1.0 -1.0 1.0
1.0 -1.0 -1.0 -1.0 1.0
1.0 -1.0 -1.0 -1.0 1.0
Fitness: -3319.355910694868
Instances 68: 28-Jul-17
1.0 -1.0 -1.0 -1.0 1.0
1.0 -1.0 -1.0 -1.0 1.0
1.0 -1.0 -1.0 -1.0 1.0
1.0 -1.0 -1.0 -1.0 1.0
1.0 -1.0 -1.0 -1.0 1.0
1.0 -1.0 -1.0 -1.0 1.0
1.0 -1.0 -1.0 -1.0 1.0
1.0 -1.0 -1.0 -1.0 1.0
1.0 -1.0 -1.0 -1.0 1.0
1.0 -1.0 -1.0 -1.0 1.0
1.0 -1.0 -1.0 -1.0 1.0
1.0 -1.0 -1.0 -1.0 1.0
1.0 -1.0 -1.0 -1.0 1.0
1.0 -1.0 -1.0 -1.0 1.0
1.0 -1.0 -1.0 -1.0 1.0
1.0 -1.0 -1.0 -1.0 1.0
1.0 -1.0 -1.0 -1.0 1.0
1.0 -1.0 -1.0 -1.0 1.0
1.0 -1.0 -1.0 -1.0 1.0
1.0 -1.0 -1.0 -1.0 1.0
1.0 -1.0 -1.0 -1.0 1.0
1.0 -1.0 -1.0 -1.0 1.0
1.0 -1.0 -1.0 -1.0 1.0
1.0 -1.0 -1.0 -1.0 1.0
Fitness: -2626.570601848673
Instances 69: 29-Jul-17
1.0 -1.0 -1.0 -1.0 1.0
1.0 -1.0 -1.0 -1.0 1.0
1.0 -1.0 -1.0 -1.0 1.0
1.0 -1.0 -1.0 -1.0 1.0
1.0 -1.0 -1.0 -1.0 1.0
1.0 -1.0 -1.0 -1.0 1.0
1.0 -1.0 -1.0 -1.0 1.0
1.0 -1.0 -1.0 -1.0 1.0
1.0 -1.0 -1.0 -1.0 1.0
1.0 -1.0 -1.0 -1.0 1.0
1.0 -1.0 -1.0 -1.0 1.0
1.0 -1.0 -1.0 -1.0 1.0
1.0 -1.0 -1.0 -1.0 1.0
1.0 -1.0 -1.0 -1.0 1.0
1.0 -1.0 -1.0 -1.0 1.0
1.0 -1.0 -1.0 -1.0 1.0
1.0 -1.0 -1.0 -1.0 1.0
1.0 -1.0 -1.0 -1.0 1.0
1.0 -1.0 -1.0 -1.0 1.0
1.0 -1.0 -1.0 -1.0 1.0
1.0 -1.0 -1.0 -1.0 1.0
1.0 -1.0 -1.0 -1.0 1.0
1.0 -1.0 -1.0 -1.0 1.0
1.0 -1.0 -1.0 -1.0 1.0
Fitness: -2405.2064016559016
Instances 70: 30-Jul-17
1.0 -1.0 -1.0 -1.0 1.0
1.0 -1.0 -1.0 -1.0 1.0
1.0 -1.0 -1.0 -1.0 1.0
1.0 -1.0 -1.0 -1.0 1.0
1.0 -1.0 -1.0 -1.0 1.0
1.0 -1.0 -1.0 -1.0 1.0
1.0 -1.0 -1.0 -1.0 1.0
1.0 -1.0 -1.0 -1.0 1.0
1.0 -1.0 -1.0 -1.0 1.0
1.0 -1.0 -1.0 -1.0 1.0
1.0 -1.0 -1.0 -1.0 1.0
1.0 -1.0 -1.0 -1.0 1.0
1.0 -1.0 -1.0 -1.0 1.0
1.0 -1.0 -1.0 -1.0 1.0
1.0 -1.0 -1.0 -1.0 1.0
1.0 -1.0 -1.0 -1.0 1.0
1.0 -1.0 -1.0 -1.0 1.0
1.0 -1.0 -1.0 -1.0 1.0
1.0 -1.0 -1.0 -1.0 1.0
1.0 -1.0 -1.0 -1.0 1.0
1.0 -1.0 -1.0 -1.0 1.0
1.0 -1.0 -1.0 -1.0 1.0
1.0 -1.0 -1.0 -1.0 1.0
1.0 -1.0 -1.0 -1.0 1.0
Fitness: -3064.844666264349
Instances 71: 31-Jul-17
1.0 -1.0 -1.0 -1.0 1.0
1.0 -1.0 -1.0 -1.0 1.0
1.0 -1.0 -1.0 -1.0 1.0
1.0 -1.0 -1.0 -1.0 1.0
1.0 -1.0 -1.0 -1.0 1.0
1.0 -1.0 -1.0 -1.0 1.0
1.0 -1.0 -1.0 -1.0 1.0
1.0 -1.0 -1.0 -1.0 1.0
1.0 -1.0 -1.0 -1.0 1.0
1.0 -1.0 -1.0 -1.0 1.0
1.0 -1.0 -1.0 -1.0 1.0
1.0 -1.0 -1.0 -1.0 1.0
1.0 -1.0 -1.0 -1.0 1.0
1.0 -1.0 -1.0 -1.0 1.0
1.0 -1.0 -1.0 -1.0 1.0
1.0 -1.0 -1.0 -1.0 1.0
1.0 -1.0 -1.0 -1.0 1.0
1.0 -1.0 -1.0 -1.0 1.0
1.0 -1.0 -1.0 -1.0 1.0
1.0 -1.0 -1.0 -1.0 1.0
1.0 -1.0 -1.0 -1.0 1.0
1.0 -1.0 -1.0 -1.0 1.0
1.0 -1.0 -1.0 -1.0 1.0
1.0 -1.0 -1.0 -1.0 1.0
Fitness: -1896.3773685362787
Instances 72: 01-Aug-17
1.0 -1.0 -1.0 -1.0 1.0
1.0 -1.0 -1.0 -1.0 1.0
1.0 -1.0 -1.0 -1.0 1.0
1.0 -1.0 -1.0 -1.0 1.0
1.0 -1.0 -1.0 -1.0 1.0
1.0 -1.0 -1.0 -1.0 1.0
1.0 -1.0 -1.0 -1.0 1.0
1.0 -1.0 -1.0 -1.0 1.0
1.0 -1.0 -1.0 -1.0 1.0
1.0 -1.0 -1.0 -1.0 1.0
1.0 -1.0 -1.0 -1.0 1.0
1.0 -1.0 -1.0 -1.0 1.0
1.0 -1.0 -1.0 -1.0 1.0
1.0 -1.0 -1.0 -1.0 1.0
1.0 -1.0 -1.0 -1.0 1.0
1.0 -1.0 -1.0 -1.0 1.0
1.0 -1.0 -1.0 -1.0 1.0
1.0 -1.0 -1.0 -1.0 1.0
1.0 -1.0 -1.0 -1.0 1.0
1.0 -1.0 -1.0 -1.0 1.0
1.0 -1.0 -1.0 -1.0 1.0
1.0 -1.0 -1.0 -1.0 1.0
1.0 -1.0 -1.0 -1.0 1.0
1.0 -1.0 -1.0 -1.0 1.0
Fitness: -2088.3803017914224
Instances 73: 02-Aug-17
1.0 -1.0 -1.0 -1.0 1.0
1.0 -1.0 -1.0 -1.0 1.0
1.0 -1.0 -1.0 -1.0 1.0
1.0 -1.0 -1.0 -1.0 1.0
1.0 -1.0 -1.0 -1.0 1.0
1.0 -1.0 -1.0 -1.0 1.0
1.0 -1.0 -1.0 -1.0 1.0
1.0 -1.0 -1.0 -1.0 1.0
1.0 -1.0 -1.0 -1.0 1.0
1.0 -1.0 -1.0 -1.0 1.0
1.0 -1.0 -1.0 -1.0 1.0
1.0 -1.0 -1.0 -1.0 1.0
1.0 -1.0 -1.0 -1.0 1.0
1.0 -1.0 -1.0 -1.0 1.0
1.0 -1.0 -1.0 -1.0 1.0
1.0 -1.0 -1.0 -1.0 1.0
1.0 -1.0 -1.0 -1.0 1.0
1.0 -1.0 -1.0 -1.0 1.0
1.0 -1.0 -1.0 -1.0 1.0
1.0 -1.0 -1.0 -1.0 1.0
1.0 -1.0 -1.0 -1.0 1.0
1.0 -1.0 -1.0 -1.0 1.0
1.0 -1.0 -1.0 -1.0 1.0
1.0 -1.0 -1.0 -1.0 1.0
Fitness: -2408.293561137358
Instances 74: 03-Aug-17
1.0 -1.0 -1.0 -1.0 1.0
1.0 -1.0 -1.0 -1.0 1.0
1.0 -1.0 -1.0 -1.0 1.0
1.0 -1.0 -1.0 -1.0 1.0
1.0 -1.0 -1.0 -1.0 1.0
1.0 -1.0 -1.0 -1.0 1.0
1.0 -1.0 -1.0 -1.0 1.0
1.0 -1.0 -1.0 -1.0 1.0
1.0 -1.0 -1.0 -1.0 1.0
1.0 -1.0 -1.0 -1.0 1.0
1.0 -1.0 -1.0 -1.0 1.0
1.0 -1.0 -1.0 -1.0 1.0
1.0 -1.0 -1.0 -1.0 1.0
1.0 -1.0 -1.0 -1.0 1.0
1.0 -1.0 -1.0 -1.0 1.0
1.0 -1.0 -1.0 -1.0 1.0
1.0 -1.0 -1.0 -1.0 1.0
1.0 -1.0 -1.0 -1.0 1.0
1.0 -1.0 -1.0 -1.0 1.0
1.0 -1.0 -1.0 -1.0 1.0
1.0 -1.0 -1.0 -1.0 1.0
1.0 -1.0 -1.0 -1.0 1.0
1.0 -1.0 -1.0 -1.0 1.0
1.0 -1.0 -1.0 -1.0 1.0
Fitness: -2059.5815886469036
Instances 75: 24-Aug-17
1.0 -1.0 -1.0 -1.0 1.0
1.0 -1.0 -1.0 -1.0 1.0
1.0 -1.0 -1.0 -1.0 1.0
1.0 -1.0 -1.0 -1.0 1.0
1.0 -1.0 -1.0 -1.0 1.0
1.0 -1.0 -1.0 -1.0 1.0
1.0 -1.0 -1.0 -1.0 1.0
1.0 -1.0 -1.0 -1.0 1.0
1.0 -1.0 -1.0 -1.0 1.0
1.0 -1.0 -1.0 -1.0 1.0
1.0 -1.0 -1.0 -1.0 1.0
1.0 -1.0 -1.0 -1.0 1.0
1.0 -1.0 -1.0 -1.0 1.0
1.0 -1.0 -1.0 -1.0 1.0
1.0 -1.0 -1.0 -1.0 1.0
1.0 -1.0 -1.0 -1.0 1.0
1.0 -1.0 -1.0 -1.0 1.0
1.0 -1.0 -1.0 -1.0 1.0
1.0 -1.0 -1.0 -1.0 1.0
1.0 -1.0 -1.0 -1.0 1.0
1.0 -1.0 -1.0 -1.0 1.0
1.0 -1.0 -1.0 -1.0 1.0
1.0 -1.0 -1.0 -1.0 1.0
1.0 -1.0 -1.0 -1.0 1.0
Fitness: -8136.531637415185
Instances 76: 25-Aug-17
1.0 -1.0 -1.0 -1.0 1.0
1.0 -1.0 -1.0 -1.0 1.0
1.0 -1.0 -1.0 -1.0 1.0
1.0 -1.0 -1.0 -1.0 1.0
1.0 -1.0 -1.0 -1.0 1.0
1.0 -1.0 -1.0 -1.0 1.0
1.0 -1.0 -1.0 -1.0 1.0
1.0 -1.0 -1.0 -1.0 1.0
1.0 -1.0 -1.0 -1.0 1.0
1.0 -1.0 -1.0 -1.0 1.0
1.0 -1.0 -1.0 -1.0 1.0
1.0 -1.0 -1.0 -1.0 1.0
1.0 -1.0 -1.0 -1.0 1.0
1.0 -1.0 -1.0 -1.0 1.0
1.0 -1.0 -1.0 -1.0 1.0
1.0 -1.0 -1.0 -1.0 1.0
1.0 -1.0 -1.0 -1.0 1.0
1.0 -1.0 -1.0 -1.0 1.0
1.0 -1.0 -1.0 -1.0 1.0
1.0 -1.0 -1.0 -1.0 1.0
1.0 -1.0 -1.0 -1.0 1.0
1.0 -1.0 -1.0 -1.0 1.0
1.0 -1.0 -1.0 -1.0 1.0
1.0 -1.0 -1.0 -1.0 1.0
Fitness: -6126.916743580191
Instances 77: 26-Aug-17
1.0 -1.0 -1.0 -1.0 1.0
1.0 -1.0 -1.0 -1.0 1.0
1.0 -1.0 -1.0 -1.0 1.0
1.0 -1.0 -1.0 -1.0 1.0
1.0 -1.0 -1.0 -1.0 1.0
1.0 -1.0 -1.0 -1.0 1.0
1.0 -1.0 -1.0 -1.0 1.0
1.0 -1.0 -1.0 -1.0 1.0
1.0 -1.0 -1.0 -1.0 1.0
1.0 -1.0 -1.0 -1.0 1.0
1.0 -1.0 -1.0 -1.0 1.0
1.0 -1.0 -1.0 -1.0 1.0
1.0 -1.0 -1.0 -1.0 1.0
1.0 -1.0 -1.0 -1.0 1.0
1.0 -1.0 -1.0 -1.0 1.0
1.0 -1.0 -1.0 -1.0 1.0
1.0 -1.0 -1.0 -1.0 1.0
1.0 -1.0 -1.0 -1.0 1.0
1.0 -1.0 -1.0 -1.0 1.0
1.0 -1.0 -1.0 -1.0 1.0
1.0 -1.0 -1.0 -1.0 1.0
1.0 -1.0 -1.0 -1.0 1.0
1.0 -1.0 -1.0 -1.0 1.0
1.0 -1.0 -1.0 -1.0 1.0
Fitness: -5846.6490508539455
Instances 78: 27-Aug-17
1.0 -1.0 -1.0 -1.0 1.0
1.0 -1.0 -1.0 -1.0 1.0
1.0 -1.0 -1.0 -1.0 1.0
1.0 -1.0 -1.0 -1.0 1.0
1.0 -1.0 -1.0 -1.0 1.0
1.0 -1.0 -1.0 -1.0 1.0
1.0 -1.0 -1.0 -1.0 1.0
1.0 -1.0 -1.0 -1.0 1.0
1.0 -1.0 -1.0 -1.0 1.0
1.0 -1.0 -1.0 -1.0 1.0
1.0 -1.0 -1.0 -1.0 1.0
1.0 -1.0 -1.0 -1.0 1.0
1.0 -1.0 -1.0 -1.0 1.0
1.0 -1.0 -1.0 -1.0 1.0
1.0 -1.0 -1.0 -1.0 1.0
1.0 -1.0 -1.0 -1.0 1.0
1.0 -1.0 -1.0 -1.0 1.0
1.0 -1.0 -1.0 -1.0 1.0
1.0 -1.0 -1.0 -1.0 1.0
1.0 -1.0 -1.0 -1.0 1.0
1.0 -1.0 -1.0 -1.0 1.0
1.0 -1.0 -1.0 -1.0 1.0
1.0 -1.0 -1.0 -1.0 1.0
1.0 -1.0 -1.0 -1.0 1.0
Fitness: -6815.40513560082
Instances 79: 28-Aug-17
1.0 -1.0 -1.0 -1.0 1.0
1.0 -1.0 -1.0 -1.0 1.0
1.0 -1.0 -1.0 -1.0 1.0
1.0 -1.0 -1.0 -1.0 1.0
1.0 -1.0 -1.0 -1.0 1.0
1.0 -1.0 -1.0 -1.0 1.0
1.0 -1.0 -1.0 -1.0 1.0
1.0 -1.0 -1.0 -1.0 1.0
1.0 -1.0 -1.0 -1.0 1.0
1.0 -1.0 -1.0 -1.0 1.0
1.0 -1.0 -1.0 -1.0 1.0
1.0 -1.0 -1.0 -1.0 1.0
1.0 -1.0 -1.0 -1.0 1.0
1.0 -1.0 -1.0 -1.0 1.0
1.0 -1.0 -1.0 -1.0 1.0
1.0 -1.0 -1.0 -1.0 1.0
1.0 -1.0 -1.0 -1.0 1.0
1.0 -1.0 -1.0 -1.0 1.0
1.0 -1.0 -1.0 -1.0 1.0
1.0 -1.0 -1.0 -1.0 1.0
1.0 -1.0 -1.0 -1.0 1.0
1.0 -1.0 -1.0 -1.0 1.0
1.0 -1.0 -1.0 -1.0 1.0
1.0 -1.0 -1.0 -1.0 1.0
Fitness: -7792.48066101096
Instances 80: 29-Aug-17
1.0 -1.0 -1.0 -1.0 1.0
1.0 -1.0 -1.0 -1.0 1.0
1.0 -1.0 -1.0 -1.0 1.0
1.0 -1.0 -1.0 -1.0 1.0
1.0 -1.0 -1.0 -1.0 1.0
1.0 -1.0 -1.0 -1.0 1.0
1.0 -1.0 -1.0 -1.0 1.0
1.0 -1.0 -1.0 -1.0 1.0
1.0 -1.0 -1.0 -1.0 1.0
1.0 -1.0 -1.0 -1.0 1.0
1.0 -1.0 -1.0 -1.0 1.0
1.0 -1.0 -1.0 -1.0 1.0
1.0 -1.0 -1.0 -1.0 1.0
1.0 -1.0 -1.0 -1.0 1.0
1.0 -1.0 -1.0 -1.0 1.0
1.0 -1.0 -1.0 -1.0 1.0
1.0 -1.0 -1.0 -1.0 1.0
1.0 -1.0 -1.0 -1.0 1.0
1.0 -1.0 -1.0 -1.0 1.0
1.0 -1.0 -1.0 -1.0 1.0
1.0 -1.0 -1.0 -1.0 1.0
1.0 -1.0 -1.0 -1.0 1.0
1.0 -1.0 -1.0 -1.0 1.0
1.0 -1.0 -1.0 -1.0 1.0
Fitness: -8208.792837148363
Instances 81: 30-Aug-17
1.0 -1.0 -1.0 -1.0 1.0
1.0 -1.0 -1.0 -1.0 1.0
1.0 -1.0 -1.0 -1.0 1.0
1.0 -1.0 -1.0 -1.0 1.0
1.0 -1.0 -1.0 -1.0 1.0
1.0 -1.0 -1.0 -1.0 1.0
1.0 -1.0 -1.0 -1.0 1.0
1.0 -1.0 -1.0 -1.0 1.0
1.0 -1.0 -1.0 -1.0 1.0
1.0 -1.0 -1.0 -1.0 1.0
1.0 -1.0 -1.0 -1.0 1.0
1.0 -1.0 -1.0 -1.0 1.0
1.0 -1.0 -1.0 -1.0 1.0
1.0 -1.0 -1.0 -1.0 1.0
1.0 -1.0 -1.0 -1.0 1.0
1.0 -1.0 -1.0 -1.0 1.0
1.0 -1.0 -1.0 -1.0 1.0
1.0 -1.0 -1.0 -1.0 1.0
1.0 -1.0 -1.0 -1.0 1.0
1.0 -1.0 -1.0 -1.0 1.0
1.0 -1.0 -1.0 -1.0 1.0
1.0 -1.0 -1.0 -1.0 1.0
1.0 -1.0 -1.0 -1.0 1.0
1.0 -1.0 -1.0 -1.0 1.0
Fitness: -7855.681260258397
Instances 82: 31-Aug-17
1.0 -1.0 -1.0 -1.0 1.0
1.0 -1.0 -1.0 -1.0 1.0
1.0 -1.0 -1.0 -1.0 1.0
1.0 -1.0 -1.0 -1.0 1.0
1.0 -1.0 -1.0 -1.0 1.0
1.0 -1.0 -1.0 -1.0 1.0
1.0 -1.0 -1.0 -1.0 1.0
1.0 -1.0 -1.0 -1.0 1.0
1.0 -1.0 -1.0 -1.0 1.0
1.0 -1.0 -1.0 -1.0 1.0
1.0 -1.0 -1.0 -1.0 1.0
1.0 -1.0 -1.0 -1.0 1.0
1.0 -1.0 -1.0 -1.0 1.0
1.0 -1.0 -1.0 -1.0 1.0
1.0 -1.0 -1.0 -1.0 1.0
1.0 -1.0 -1.0 -1.0 1.0
1.0 -1.0 -1.0 -1.0 1.0
1.0 -1.0 -1.0 -1.0 1.0
1.0 -1.0 -1.0 -1.0 1.0
1.0 -1.0 -1.0 -1.0 1.0
1.0 -1.0 -1.0 -1.0 1.0
1.0 -1.0 -1.0 -1.0 1.0
1.0 -1.0 -1.0 -1.0 1.0
1.0 -1.0 -1.0 -1.0 1.0
Fitness: -7712.994684746664
Instances 83: 21-Sep-17
1.0 -1.0 -1.0 -1.0 1.0
1.0 -1.0 -1.0 -1.0 1.0
1.0 -1.0 -1.0 -1.0 1.0
1.0 -1.0 -1.0 -1.0 1.0
1.0 -1.0 -1.0 -1.0 1.0
1.0 -1.0 -1.0 -1.0 1.0
1.0 -1.0 -1.0 -1.0 1.0
1.0 -1.0 -1.0 -1.0 1.0
1.0 -1.0 -1.0 -1.0 1.0
1.0 -1.0 -1.0 -1.0 1.0
1.0 -1.0 -1.0 -1.0 1.0
1.0 -1.0 -1.0 -1.0 1.0
1.0 -1.0 -1.0 -1.0 1.0
1.0 -1.0 -1.0 -1.0 1.0
1.0 -1.0 -1.0 -1.0 1.0
1.0 -1.0 -1.0 -1.0 1.0
1.0 -1.0 -1.0 -1.0 1.0
1.0 -1.0 -1.0 -1.0 1.0
1.0 -1.0 -1.0 -1.0 1.0
1.0 -1.0 -1.0 -1.0 1.0
1.0 -1.0 -1.0 -1.0 1.0
1.0 -1.0 -1.0 -1.0 1.0
1.0 -1.0 -1.0 -1.0 1.0
1.0 -1.0 -1.0 -1.0 1.0
Fitness: -3525.994068506234
Instances 84: 22-Sep-17
1.0 -1.0 -1.0 -1.0 1.0
1.0 -1.0 -1.0 -1.0 1.0
1.0 -1.0 -1.0 -1.0 1.0
1.0 -1.0 -1.0 -1.0 1.0
1.0 -1.0 -1.0 -1.0 1.0
1.0 -1.0 -1.0 -1.0 1.0
1.0 -1.0 -1.0 -1.0 1.0
1.0 -1.0 -1.0 -1.0 1.0
1.0 -1.0 -1.0 -1.0 1.0
1.0 -1.0 -1.0 -1.0 1.0
1.0 -1.0 -1.0 -1.0 1.0
1.0 -1.0 -1.0 -1.0 1.0
1.0 -1.0 -1.0 -1.0 1.0
1.0 -1.0 -1.0 -1.0 1.0
1.0 -1.0 -1.0 -1.0 1.0
1.0 -1.0 -1.0 -1.0 1.0
1.0 -1.0 -1.0 -1.0 1.0
1.0 -1.0 -1.0 -1.0 1.0
1.0 -1.0 -1.0 -1.0 1.0
1.0 -1.0 -1.0 -1.0 1.0
1.0 -1.0 -1.0 -1.0 1.0
1.0 -1.0 -1.0 -1.0 1.0
1.0 -1.0 -1.0 -1.0 1.0
1.0 -1.0 -1.0 -1.0 1.0
Fitness: -3435.6591429700643
Instances 85: 23-Sep-17
1.0 -1.0 -1.0 -1.0 1.0
1.0 -1.0 -1.0 -1.0 1.0
1.0 -1.0 -1.0 -1.0 1.0
1.0 -1.0 -1.0 -1.0 1.0
1.0 -1.0 -1.0 -1.0 1.0
1.0 -1.0 -1.0 -1.0 1.0
1.0 -1.0 -1.0 -1.0 1.0
1.0 -1.0 -1.0 -1.0 1.0
1.0 -1.0 -1.0 -1.0 1.0
1.0 -1.0 -1.0 -1.0 1.0
1.0 -1.0 -1.0 -1.0 1.0
1.0 -1.0 -1.0 -1.0 1.0
1.0 -1.0 -1.0 -1.0 1.0
1.0 -1.0 -1.0 -1.0 1.0
1.0 -1.0 -1.0 -1.0 1.0
1.0 -1.0 -1.0 -1.0 1.0
1.0 -1.0 -1.0 -1.0 1.0
1.0 -1.0 -1.0 -1.0 1.0
1.0 -1.0 -1.0 -1.0 1.0
1.0 -1.0 -1.0 -1.0 1.0
1.0 -1.0 -1.0 -1.0 1.0
1.0 -1.0 -1.0 -1.0 1.0
1.0 -1.0 -1.0 -1.0 1.0
1.0 -1.0 -1.0 -1.0 1.0
Fitness: -5487.427723656976
Instances 86: 24-Sep-17
1.0 -1.0 -1.0 -1.0 1.0
1.0 -1.0 -1.0 -1.0 1.0
1.0 -1.0 -1.0 -1.0 1.0
1.0 -1.0 -1.0 -1.0 1.0
1.0 -1.0 -1.0 -1.0 1.0
1.0 -1.0 -1.0 -1.0 1.0
1.0 -1.0 -1.0 -1.0 1.0
1.0 -1.0 -1.0 -1.0 1.0
1.0 -1.0 -1.0 -1.0 1.0
1.0 -1.0 -1.0 -1.0 1.0
1.0 -1.0 -1.0 -1.0 1.0
1.0 -1.0 -1.0 -1.0 1.0
1.0 -1.0 -1.0 -1.0 1.0
1.0 -1.0 -1.0 -1.0 1.0
1.0 -1.0 -1.0 -1.0 1.0
1.0 -1.0 -1.0 -1.0 1.0
1.0 -1.0 -1.0 -1.0 1.0
1.0 -1.0 -1.0 -1.0 1.0
1.0 -1.0 -1.0 -1.0 1.0
1.0 -1.0 -1.0 -1.0 1.0
1.0 -1.0 -1.0 -1.0 1.0
1.0 -1.0 -1.0 -1.0 1.0
1.0 -1.0 -1.0 -1.0 1.0
1.0 -1.0 -1.0 -1.0 1.0
Fitness: -5146.4911014079025
Instances 87: 25-Sep-17
1.0 -1.0 -1.0 -1.0 1.0
1.0 -1.0 -1.0 -1.0 1.0
1.0 -1.0 -1.0 -1.0 1.0
1.0 -1.0 -1.0 -1.0 1.0
1.0 -1.0 -1.0 -1.0 1.0
1.0 -1.0 -1.0 -1.0 1.0
1.0 -1.0 -1.0 -1.0 1.0
1.0 -1.0 -1.0 -1.0 1.0
1.0 -1.0 -1.0 -1.0 1.0
1.0 -1.0 -1.0 -1.0 1.0
1.0 -1.0 -1.0 -1.0 1.0
1.0 -1.0 -1.0 -1.0 1.0
1.0 -1.0 -1.0 -1.0 1.0
1.0 -1.0 -1.0 -1.0 1.0
1.0 -1.0 -1.0 -1.0 1.0
1.0 -1.0 -1.0 -1.0 1.0
1.0 -1.0 -1.0 -1.0 1.0
1.0 -1.0 -1.0 -1.0 1.0
1.0 -1.0 -1.0 -1.0 1.0
1.0 -1.0 -1.0 -1.0 1.0
1.0 -1.0 -1.0 -1.0 1.0
1.0 -1.0 -1.0 -1.0 1.0
1.0 -1.0 -1.0 -1.0 1.0
1.0 -1.0 -1.0 -1.0 1.0
Fitness: -5553.889841173763
Instances 88: 26-Sep-17
1.0 -1.0 -1.0 -1.0 1.0
1.0 -1.0 -1.0 -1.0 1.0
1.0 -1.0 -1.0 -1.0 1.0
1.0 -1.0 -1.0 -1.0 1.0
1.0 -1.0 -1.0 -1.0 1.0
1.0 -1.0 -1.0 -1.0 1.0
1.0 -1.0 -1.0 -1.0 1.0
1.0 -1.0 -1.0 -1.0 1.0
1.0 -1.0 -1.0 -1.0 1.0
1.0 -1.0 -1.0 -1.0 1.0
1.0 -1.0 -1.0 -1.0 1.0
1.0 -1.0 -1.0 -1.0 1.0
1.0 -1.0 -1.0 -1.0 1.0
1.0 -1.0 -1.0 -1.0 1.0
1.0 -1.0 -1.0 -1.0 1.0
1.0 -1.0 -1.0 -1.0 1.0
1.0 -1.0 -1.0 -1.0 1.0
1.0 -1.0 -1.0 -1.0 1.0
1.0 -1.0 -1.0 -1.0 1.0
1.0 -1.0 -1.0 -1.0 1.0
1.0 -1.0 -1.0 -1.0 1.0
1.0 -1.0 -1.0 -1.0 1.0
1.0 -1.0 -1.0 -1.0 1.0
1.0 -1.0 -1.0 -1.0 1.0
Fitness: -5722.150156498485
Instances 89: 27-Sep-17
1.0 -1.0 -1.0 -1.0 1.0
1.0 -1.0 -1.0 -1.0 1.0
1.0 -1.0 -1.0 -1.0 1.0
1.0 -1.0 -1.0 -1.0 1.0
1.0 -1.0 -1.0 -1.0 1.0
1.0 -1.0 -1.0 -1.0 1.0
1.0 -1.0 -1.0 -1.0 1.0
1.0 -1.0 -1.0 -1.0 1.0
1.0 -1.0 -1.0 -1.0 1.0
1.0 -1.0 -1.0 -1.0 1.0
1.0 -1.0 -1.0 -1.0 1.0
1.0 -1.0 -1.0 -1.0 1.0
1.0 -1.0 -1.0 -1.0 1.0
1.0 -1.0 -1.0 -1.0 1.0
1.0 -1.0 -1.0 -1.0 1.0
1.0 -1.0 -1.0 -1.0 1.0
1.0 -1.0 -1.0 -1.0 1.0
1.0 -1.0 -1.0 -1.0 1.0
1.0 -1.0 -1.0 -1.0 1.0
1.0 -1.0 -1.0 -1.0 1.0
1.0 -1.0 -1.0 -1.0 1.0
1.0 -1.0 -1.0 -1.0 1.0
1.0 -1.0 -1.0 -1.0 1.0
1.0 -1.0 -1.0 -1.0 1.0
Fitness: -5292.792453855643
Instances 90: 28-Sep-17
1.0 -1.0 -1.0 -1.0 1.0
1.0 -1.0 -1.0 -1.0 1.0
1.0 -1.0 -1.0 -1.0 1.0
1.0 -1.0 -1.0 -1.0 1.0
1.0 -1.0 -1.0 -1.0 1.0
1.0 -1.0 -1.0 -1.0 1.0
1.0 -1.0 -1.0 -1.0 1.0
1.0 -1.0 -1.0 -1.0 1.0
1.0 -1.0 -1.0 -1.0 1.0
1.0 -1.0 -1.0 -1.0 1.0
1.0 -1.0 -1.0 -1.0 1.0
1.0 -1.0 -1.0 -1.0 1.0
1.0 -1.0 -1.0 -1.0 1.0
1.0 -1.0 -1.0 -1.0 1.0
1.0 -1.0 -1.0 -1.0 1.0
1.0 -1.0 -1.0 -1.0 1.0
1.0 -1.0 -1.0 -1.0 1.0
1.0 -1.0 -1.0 -1.0 1.0
1.0 -1.0 -1.0 -1.0 1.0
1.0 -1.0 -1.0 -1.0 1.0
1.0 -1.0 -1.0 -1.0 1.0
1.0 -1.0 -1.0 -1.0 1.0
1.0 -1.0 -1.0 -1.0 1.0
1.0 -1.0 -1.0 -1.0 1.0
Fitness: -4557.846348410198
Instances 91: 29-Sep-17
1.0 -1.0 -1.0 -1.0 1.0
1.0 -1.0 -1.0 -1.0 1.0
1.0 -1.0 -1.0 -1.0 1.0
1.0 -1.0 -1.0 -1.0 1.0
1.0 -1.0 -1.0 -1.0 1.0
1.0 -1.0 -1.0 -1.0 1.0
1.0 -1.0 -1.0 -1.0 1.0
1.0 -1.0 -1.0 -1.0 1.0
1.0 -1.0 -1.0 -1.0 1.0
1.0 -1.0 -1.0 -1.0 1.0
1.0 -1.0 -1.0 -1.0 1.0
1.0 -1.0 -1.0 -1.0 1.0
1.0 -1.0 -1.0 -1.0 1.0
1.0 -1.0 -1.0 -1.0 1.0
1.0 -1.0 -1.0 -1.0 1.0
1.0 -1.0 -1.0 -1.0 1.0
1.0 -1.0 -1.0 -1.0 1.0
1.0 -1.0 -1.0 -1.0 1.0
1.0 -1.0 -1.0 -1.0 1.0
1.0 -1.0 -1.0 -1.0 1.0
1.0 -1.0 -1.0 -1.0 1.0
1.0 -1.0 -1.0 -1.0 1.0
1.0 -1.0 -1.0 -1.0 1.0
1.0 -1.0 -1.0 -1.0 1.0
Fitness: -3441.292048793902
Instances 92: 30-Sep-17
1.0 -1.0 -1.0 -1.0 1.0
1.0 -1.0 -1.0 -1.0 1.0
1.0 -1.0 -1.0 -1.0 1.0
1.0 -1.0 -1.0 -1.0 1.0
1.0 -1.0 -1.0 -1.0 1.0
1.0 -1.0 -1.0 -1.0 1.0
1.0 -1.0 -1.0 -1.0 1.0
1.0 -1.0 -1.0 -1.0 1.0
1.0 -1.0 -1.0 -1.0 1.0
1.0 -1.0 -1.0 -1.0 1.0
1.0 -1.0 -1.0 -1.0 1.0
1.0 -1.0 -1.0 -1.0 1.0
1.0 -1.0 -1.0 -1.0 1.0
1.0 -1.0 -1.0 -1.0 1.0
1.0 -1.0 -1.0 -1.0 1.0
1.0 -1.0 -1.0 -1.0 1.0
1.0 -1.0 -1.0 -1.0 1.0
1.0 -1.0 -1.0 -1.0 1.0
1.0 -1.0 -1.0 -1.0 1.0
1.0 -1.0 -1.0 -1.0 1.0
1.0 -1.0 -1.0 -1.0 1.0
1.0 -1.0 -1.0 -1.0 1.0
1.0 -1.0 -1.0 -1.0 1.0
1.0 -1.0 -1.0 -1.0 1.0
Fitness: -3644.646074089911
Instances 93: 01-Oct-17
1.0 -1.0 -1.0 -1.0 1.0
1.0 -1.0 -1.0 -1.0 1.0
1.0 -1.0 -1.0 -1.0 1.0
1.0 -1.0 -1.0 -1.0 1.0
1.0 -1.0 -1.0 -1.0 1.0
1.0 -1.0 -1.0 -1.0 1.0
1.0 -1.0 -1.0 -1.0 1.0
1.0 -1.0 -1.0 -1.0 1.0
1.0 -1.0 -1.0 -1.0 1.0
1.0 -1.0 -1.0 -1.0 1.0
1.0 -1.0 -1.0 -1.0 1.0
1.0 -1.0 -1.0 -1.0 1.0
1.0 -1.0 -1.0 -1.0 1.0
1.0 -1.0 -1.0 -1.0 1.0
1.0 -1.0 -1.0 -1.0 1.0
1.0 -1.0 -1.0 -1.0 1.0
1.0 -1.0 -1.0 -1.0 1.0
1.0 -1.0 -1.0 -1.0 1.0
1.0 -1.0 -1.0 -1.0 1.0
1.0 -1.0 -1.0 -1.0 1.0
1.0 -1.0 -1.0 -1.0 1.0
1.0 -1.0 -1.0 -1.0 1.0
1.0 -1.0 -1.0 -1.0 1.0
1.0 -1.0 -1.0 -1.0 1.0
Fitness: -4989.262363089992
Instances 94: 22-Oct-17
1.0 -1.0 -1.0 -1.0 1.0
1.0 -1.0 -1.0 -1.0 1.0
1.0 -1.0 -1.0 -1.0 1.0
1.0 -1.0 -1.0 -1.0 1.0
1.0 -1.0 -1.0 -1.0 1.0
1.0 -1.0 -1.0 -1.0 1.0
1.0 -1.0 -1.0 -1.0 1.0
1.0 -1.0 -1.0 -1.0 1.0
1.0 -1.0 -1.0 -1.0 1.0
1.0 -1.0 -1.0 -1.0 1.0
1.0 -1.0 -1.0 -1.0 1.0
1.0 -1.0 -1.0 -1.0 1.0
1.0 -1.0 -1.0 -1.0 1.0
1.0 -1.0 -1.0 -1.0 1.0
1.0 -1.0 -1.0 -1.0 1.0
1.0 -1.0 -1.0 -1.0 1.0
1.0 -1.0 -1.0 -1.0 1.0
1.0 -1.0 -1.0 -1.0 1.0
1.0 -1.0 -1.0 -1.0 1.0
1.0 -1.0 -1.0 -1.0 1.0
1.0 -1.0 -1.0 -1.0 1.0
1.0 -1.0 -1.0 -1.0 1.0
1.0 -1.0 -1.0 -1.0 1.0
1.0 -1.0 -1.0 -1.0 1.0
Fitness: -8281.43827822643
Instances 95: 23-Oct-17
1.0 -1.0 -1.0 -1.0 1.0
1.0 -1.0 -1.0 -1.0 1.0
1.0 -1.0 -1.0 -1.0 1.0
1.0 -1.0 -1.0 -1.0 1.0
1.0 -1.0 -1.0 -1.0 1.0
1.0 -1.0 -1.0 -1.0 1.0
1.0 -1.0 -1.0 -1.0 1.0
1.0 -1.0 -1.0 -1.0 1.0
1.0 -1.0 -1.0 -1.0 1.0
1.0 -1.0 -1.0 -1.0 1.0
1.0 -1.0 -1.0 -1.0 1.0
1.0 -1.0 -1.0 -1.0 1.0
1.0 -1.0 -1.0 -1.0 1.0
1.0 -1.0 -1.0 -1.0 1.0
1.0 -1.0 -1.0 -1.0 1.0
1.0 -1.0 -1.0 -1.0 1.0
1.0 -1.0 -1.0 -1.0 1.0
1.0 -1.0 -1.0 -1.0 1.0
1.0 -1.0 -1.0 -1.0 1.0
1.0 -1.0 -1.0 -1.0 1.0
1.0 -1.0 -1.0 -1.0 1.0
1.0 -1.0 -1.0 -1.0 1.0
1.0 -1.0 -1.0 -1.0 1.0
1.0 -1.0 -1.0 -1.0 1.0
Fitness: -9535.824353729
Instances 96: 24-Oct-17
1.0 -1.0 -1.0 -1.0 1.0
1.0 -1.0 -1.0 -1.0 1.0
1.0 -1.0 -1.0 -1.0 1.0
1.0 -1.0 -1.0 -1.0 1.0
1.0 -1.0 -1.0 -1.0 1.0
1.0 -1.0 -1.0 -1.0 1.0
1.0 -1.0 -1.0 -1.0 1.0
1.0 -1.0 -1.0 -1.0 1.0
1.0 -1.0 -1.0 -1.0 1.0
1.0 -1.0 -1.0 -1.0 1.0
1.0 -1.0 -1.0 -1.0 1.0
1.0 -1.0 -1.0 -1.0 1.0
1.0 -1.0 -1.0 -1.0 1.0
1.0 -1.0 -1.0 -1.0 1.0
1.0 -1.0 -1.0 -1.0 1.0
1.0 -1.0 -1.0 -1.0 1.0
1.0 -1.0 -1.0 -1.0 1.0
1.0 -1.0 -1.0 -1.0 1.0
1.0 -1.0 -1.0 -1.0 1.0
1.0 -1.0 -1.0 -1.0 1.0
1.0 -1.0 -1.0 -1.0 1.0
1.0 -1.0 -1.0 -1.0 1.0
1.0 -1.0 -1.0 -1.0 1.0
1.0 -1.0 -1.0 -1.0 1.0
Fitness: -8980.242087065515
Instances 97: 25-Oct-17
1.0 -1.0 -1.0 -1.0 1.0
1.0 -1.0 -1.0 -1.0 1.0
1.0 -1.0 -1.0 -1.0 1.0
1.0 -1.0 -1.0 -1.0 1.0
1.0 -1.0 -1.0 -1.0 1.0
1.0 -1.0 -1.0 -1.0 1.0
1.0 -1.0 -1.0 -1.0 1.0
1.0 -1.0 -1.0 -1.0 1.0
1.0 -1.0 -1.0 -1.0 1.0
1.0 -1.0 -1.0 -1.0 1.0
1.0 -1.0 -1.0 -1.0 1.0
1.0 -1.0 -1.0 -1.0 1.0
1.0 -1.0 -1.0 -1.0 1.0
1.0 -1.0 -1.0 -1.0 1.0
1.0 -1.0 -1.0 -1.0 1.0
1.0 -1.0 -1.0 -1.0 1.0
1.0 -1.0 -1.0 -1.0 1.0
1.0 -1.0 -1.0 -1.0 1.0
1.0 -1.0 -1.0 -1.0 1.0
1.0 -1.0 -1.0 -1.0 1.0
1.0 -1.0 -1.0 -1.0 1.0
1.0 -1.0 -1.0 -1.0 1.0
1.0 -1.0 -1.0 -1.0 1.0
1.0 -1.0 -1.0 -1.0 1.0
Fitness: -7329.985835693413
Instances 98: 26-Oct-17
1.0 -1.0 -1.0 -1.0 1.0
1.0 -1.0 -1.0 -1.0 1.0
1.0 -1.0 -1.0 -1.0 1.0
1.0 -1.0 -1.0 -1.0 1.0
1.0 -1.0 -1.0 -1.0 1.0
1.0 -1.0 -1.0 -1.0 1.0
1.0 -1.0 -1.0 -1.0 1.0
1.0 -1.0 -1.0 -1.0 1.0
1.0 -1.0 -1.0 -1.0 1.0
1.0 -1.0 -1.0 -1.0 1.0
1.0 -1.0 -1.0 -1.0 1.0
1.0 -1.0 -1.0 -1.0 1.0
1.0 -1.0 -1.0 -1.0 1.0
1.0 -1.0 -1.0 -1.0 1.0
1.0 -1.0 -1.0 -1.0 1.0
1.0 -1.0 -1.0 -1.0 1.0
1.0 -1.0 -1.0 -1.0 1.0
1.0 -1.0 -1.0 -1.0 1.0
1.0 -1.0 -1.0 -1.0 1.0
1.0 -1.0 -1.0 -1.0 1.0
1.0 -1.0 -1.0 -1.0 1.0
1.0 -1.0 -1.0 -1.0 1.0
1.0 -1.0 -1.0 -1.0 1.0
1.0 -1.0 -1.0 -1.0 1.0
Fitness: -7366.846954378228
Instances 99: 27-Oct-17
1.0 -1.0 -1.0 -1.0 1.0
1.0 -1.0 -1.0 -1.0 1.0
1.0 -1.0 -1.0 -1.0 1.0
1.0 -1.0 -1.0 -1.0 1.0
1.0 -1.0 -1.0 -1.0 1.0
1.0 -1.0 -1.0 -1.0 1.0
1.0 -1.0 -1.0 -1.0 1.0
1.0 -1.0 -1.0 -1.0 1.0
1.0 -1.0 -1.0 -1.0 1.0
1.0 -1.0 -1.0 -1.0 1.0
1.0 -1.0 -1.0 -1.0 1.0
1.0 -1.0 -1.0 -1.0 1.0
1.0 -1.0 -1.0 -1.0 1.0
1.0 -1.0 -1.0 -1.0 1.0
1.0 -1.0 -1.0 -1.0 1.0
1.0 -1.0 -1.0 -1.0 1.0
1.0 -1.0 -1.0 -1.0 1.0
1.0 -1.0 -1.0 -1.0 1.0
1.0 -1.0 -1.0 -1.0 1.0
1.0 -1.0 -1.0 -1.0 1.0
1.0 -1.0 -1.0 -1.0 1.0
1.0 -1.0 -1.0 -1.0 1.0
1.0 -1.0 -1.0 -1.0 1.0
1.0 -1.0 -1.0 -1.0 1.0
Fitness: -6801.890908771042
Instances 100: 28-Oct-17
1.0 -1.0 -1.0 -1.0 1.0
1.0 -1.0 -1.0 -1.0 1.0
1.0 -1.0 -1.0 -1.0 1.0
1.0 -1.0 -1.0 -1.0 1.0
1.0 -1.0 -1.0 -1.0 1.0
1.0 -1.0 -1.0 -1.0 1.0
1.0 -1.0 -1.0 -1.0 1.0
1.0 -1.0 -1.0 -1.0 1.0
1.0 -1.0 -1.0 -1.0 1.0
1.0 -1.0 -1.0 -1.0 1.0
1.0 -1.0 -1.0 -1.0 1.0
1.0 -1.0 -1.0 -1.0 1.0
1.0 -1.0 -1.0 -1.0 1.0
1.0 -1.0 -1.0 -1.0 1.0
1.0 -1.0 -1.0 -1.0 1.0
1.0 -1.0 -1.0 -1.0 1.0
1.0 -1.0 -1.0 -1.0 1.0
1.0 -1.0 -1.0 -1.0 1.0
1.0 -1.0 -1.0 -1.0 1.0
1.0 -1.0 -1.0 -1.0 1.0
1.0 -1.0 -1.0 -1.0 1.0
1.0 -1.0 -1.0 -1.0 1.0
1.0 -1.0 -1.0 -1.0 1.0
1.0 -1.0 -1.0 -1.0 1.0
Fitness: -6444.224105971949
Instances 101: 29-Oct-17
1.0 -1.0 -1.0 -1.0 1.0
1.0 -1.0 -1.0 -1.0 1.0
1.0 -1.0 -1.0 -1.0 1.0
1.0 -1.0 -1.0 -1.0 1.0
1.0 -1.0 -1.0 -1.0 1.0
1.0 -1.0 -1.0 -1.0 1.0
1.0 -1.0 -1.0 -1.0 1.0
1.0 -1.0 -1.0 -1.0 1.0
1.0 -1.0 -1.0 -1.0 1.0
1.0 -1.0 -1.0 -1.0 1.0
1.0 -1.0 -1.0 -1.0 1.0
1.0 -1.0 -1.0 -1.0 1.0
1.0 -1.0 -1.0 -1.0 1.0
1.0 -1.0 -1.0 -1.0 1.0
1.0 -1.0 -1.0 -1.0 1.0
1.0 -1.0 -1.0 -1.0 1.0
1.0 -1.0 -1.0 -1.0 1.0
1.0 -1.0 -1.0 -1.0 1.0
1.0 -1.0 -1.0 -1.0 1.0
1.0 -1.0 -1.0 -1.0 1.0
1.0 -1.0 -1.0 -1.0 1.0
1.0 -1.0 -1.0 -1.0 1.0
1.0 -1.0 -1.0 -1.0 1.0
1.0 -1.0 -1.0 -1.0 1.0
Fitness: -7319.7576666525265
Instances 102: 30-Oct-17
1.0 -1.0 -1.0 -1.0 1.0
1.0 -1.0 -1.0 -1.0 1.0
1.0 -1.0 -1.0 -1.0 1.0
1.0 -1.0 -1.0 -1.0 1.0
1.0 -1.0 -1.0 -1.0 1.0
1.0 -1.0 -1.0 -1.0 1.0
1.0 -1.0 -1.0 -1.0 1.0
1.0 -1.0 -1.0 -1.0 1.0
1.0 -1.0 -1.0 -1.0 1.0
1.0 -1.0 -1.0 -1.0 1.0
1.0 -1.0 -1.0 -1.0 1.0
1.0 -1.0 -1.0 -1.0 1.0
1.0 -1.0 -1.0 -1.0 1.0
1.0 -1.0 -1.0 -1.0 1.0
1.0 -1.0 -1.0 -1.0 1.0
1.0 -1.0 -1.0 -1.0 1.0
1.0 -1.0 -1.0 -1.0 1.0
1.0 -1.0 -1.0 -1.0 1.0
1.0 -1.0 -1.0 -1.0 1.0
1.0 -1.0 -1.0 -1.0 1.0
1.0 -1.0 -1.0 -1.0 1.0
1.0 -1.0 -1.0 -1.0 1.0
1.0 -1.0 -1.0 -1.0 1.0
1.0 -1.0 -1.0 -1.0 1.0
Fitness: -8743.33972615011
Instances 103: 31-Oct-17
1.0 -1.0 -1.0 -1.0 1.0
1.0 -1.0 -1.0 -1.0 1.0
1.0 -1.0 -1.0 -1.0 1.0
1.0 -1.0 -1.0 -1.0 1.0
1.0 -1.0 -1.0 -1.0 1.0
1.0 -1.0 -1.0 -1.0 1.0
1.0 -1.0 -1.0 -1.0 1.0
1.0 -1.0 -1.0 -1.0 1.0
1.0 -1.0 -1.0 -1.0 1.0
1.0 -1.0 -1.0 -1.0 1.0
1.0 -1.0 -1.0 -1.0 1.0
1.0 -1.0 -1.0 -1.0 1.0
1.0 -1.0 -1.0 -1.0 1.0
1.0 -1.0 -1.0 -1.0 1.0
1.0 -1.0 -1.0 -1.0 1.0
1.0 -1.0 -1.0 -1.0 1.0
1.0 -1.0 -1.0 -1.0 1.0
1.0 -1.0 -1.0 -1.0 1.0
1.0 -1.0 -1.0 -1.0 1.0
1.0 -1.0 -1.0 -1.0 1.0
1.0 -1.0 -1.0 -1.0 1.0
1.0 -1.0 -1.0 -1.0 1.0
1.0 -1.0 -1.0 -1.0 1.0
1.0 -1.0 -1.0 -1.0 1.0
Fitness: -7366.175340408535
Instances 104: 21-Nov-17
1.0 -1.0 -1.0 -1.0 1.0
1.0 -1.0 -1.0 -1.0 1.0
1.0 -1.0 -1.0 -1.0 1.0
1.0 -1.0 -1.0 -1.0 1.0
1.0 -1.0 -1.0 -1.0 1.0
1.0 -1.0 -1.0 -1.0 1.0
1.0 -1.0 -1.0 -1.0 1.0
1.0 -1.0 -1.0 -1.0 1.0
1.0 -1.0 -1.0 -1.0 1.0
1.0 -1.0 -1.0 -1.0 1.0
1.0 -1.0 -1.0 -1.0 1.0
1.0 -1.0 -1.0 -1.0 1.0
1.0 -1.0 -1.0 -1.0 1.0
1.0 -1.0 -1.0 -1.0 1.0
1.0 -1.0 -1.0 -1.0 1.0
1.0 -1.0 -1.0 -1.0 1.0
1.0 -1.0 -1.0 -1.0 1.0
1.0 -1.0 -1.0 -1.0 1.0
1.0 -1.0 -1.0 -1.0 1.0
1.0 -1.0 -1.0 -1.0 1.0
1.0 -1.0 -1.0 -1.0 1.0
1.0 -1.0 -1.0 -1.0 1.0
1.0 -1.0 -1.0 -1.0 1.0
1.0 -1.0 -1.0 -1.0 1.0
Fitness: -7746.1862860824895
Instances 105: 22-Nov-17
1.0 -1.0 -1.0 -1.0 1.0
1.0 -1.0 -1.0 -1.0 1.0
1.0 -1.0 -1.0 -1.0 1.0
1.0 -1.0 -1.0 -1.0 1.0
1.0 -1.0 -1.0 -1.0 1.0
1.0 -1.0 -1.0 -1.0 1.0
1.0 -1.0 -1.0 -1.0 1.0
1.0 -1.0 -1.0 -1.0 1.0
1.0 -1.0 -1.0 -1.0 1.0
1.0 -1.0 -1.0 -1.0 1.0
1.0 -1.0 -1.0 -1.0 1.0
1.0 -1.0 -1.0 -1.0 1.0
1.0 -1.0 -1.0 -1.0 1.0
1.0 -1.0 -1.0 -1.0 1.0
1.0 -1.0 -1.0 -1.0 1.0
1.0 -1.0 -1.0 -1.0 1.0
1.0 -1.0 -1.0 -1.0 1.0
1.0 -1.0 -1.0 -1.0 1.0
1.0 -1.0 -1.0 -1.0 1.0
1.0 -1.0 -1.0 -1.0 1.0
1.0 -1.0 -1.0 -1.0 1.0
1.0 -1.0 -1.0 -1.0 1.0
1.0 -1.0 -1.0 -1.0 1.0
1.0 -1.0 -1.0 -1.0 1.0
Fitness: -7662.501612262058
Instances 106: 23-Nov-17
1.0 -1.0 -1.0 -1.0 1.0
1.0 -1.0 -1.0 -1.0 1.0
1.0 -1.0 -1.0 -1.0 1.0
1.0 -1.0 -1.0 -1.0 1.0
1.0 -1.0 -1.0 -1.0 1.0
1.0 -1.0 -1.0 -1.0 1.0
1.0 -1.0 -1.0 -1.0 1.0
1.0 -1.0 -1.0 -1.0 1.0
1.0 -1.0 -1.0 -1.0 1.0
1.0 -1.0 -1.0 -1.0 1.0
1.0 -1.0 -1.0 -1.0 1.0
1.0 -1.0 -1.0 -1.0 1.0
1.0 -1.0 -1.0 -1.0 1.0
1.0 -1.0 -1.0 -1.0 1.0
1.0 -1.0 -1.0 -1.0 1.0
1.0 -1.0 -1.0 -1.0 1.0
1.0 -1.0 -1.0 -1.0 1.0
1.0 -1.0 -1.0 -1.0 1.0
1.0 -1.0 -1.0 -1.0 1.0
1.0 -1.0 -1.0 -1.0 1.0
1.0 -1.0 -1.0 -1.0 1.0
1.0 -1.0 -1.0 -1.0 1.0
1.0 -1.0 -1.0 -1.0 1.0
1.0 -1.0 -1.0 -1.0 1.0
Fitness: -7306.672101460052
Instances 107: 24-Nov-17
1.0 -1.0 -1.0 -1.0 1.0
1.0 -1.0 -1.0 -1.0 1.0
1.0 -1.0 -1.0 -1.0 1.0
1.0 -1.0 -1.0 -1.0 1.0
1.0 -1.0 -1.0 -1.0 1.0
1.0 -1.0 -1.0 -1.0 1.0
1.0 -1.0 -1.0 -1.0 1.0
1.0 -1.0 -1.0 -1.0 1.0
1.0 -1.0 -1.0 -1.0 1.0
1.0 -1.0 -1.0 -1.0 1.0
1.0 -1.0 -1.0 -1.0 1.0
1.0 -1.0 -1.0 -1.0 1.0
1.0 -1.0 -1.0 -1.0 1.0
1.0 -1.0 -1.0 -1.0 1.0
1.0 -1.0 -1.0 -1.0 1.0
1.0 -1.0 -1.0 -1.0 1.0
1.0 -1.0 -1.0 -1.0 1.0
1.0 -1.0 -1.0 -1.0 1.0
1.0 -1.0 -1.0 -1.0 1.0
1.0 -1.0 -1.0 -1.0 1.0
1.0 -1.0 -1.0 -1.0 1.0
1.0 -1.0 -1.0 -1.0 1.0
1.0 -1.0 -1.0 -1.0 1.0
1.0 -1.0 -1.0 -1.0 1.0
Fitness: -6924.512670765063
Instances 108: 25-Nov-17
1.0 -1.0 -1.0 -1.0 1.0
1.0 -1.0 -1.0 -1.0 1.0
1.0 -1.0 -1.0 -1.0 1.0
1.0 -1.0 -1.0 -1.0 1.0
1.0 -1.0 -1.0 -1.0 1.0
1.0 -1.0 -1.0 -1.0 1.0
1.0 -1.0 -1.0 -1.0 1.0
1.0 -1.0 -1.0 -1.0 1.0
1.0 -1.0 -1.0 -1.0 1.0
1.0 -1.0 -1.0 -1.0 1.0
1.0 -1.0 -1.0 -1.0 1.0
1.0 -1.0 -1.0 -1.0 1.0
1.0 -1.0 -1.0 -1.0 1.0
1.0 -1.0 -1.0 -1.0 1.0
1.0 -1.0 -1.0 -1.0 1.0
1.0 -1.0 -1.0 -1.0 1.0
1.0 -1.0 -1.0 -1.0 1.0
1.0 -1.0 -1.0 -1.0 1.0
1.0 -1.0 -1.0 -1.0 1.0
1.0 -1.0 -1.0 -1.0 1.0
1.0 -1.0 -1.0 -1.0 1.0
1.0 -1.0 -1.0 -1.0 1.0
1.0 -1.0 -1.0 -1.0 1.0
1.0 -1.0 -1.0 -1.0 1.0
Fitness: -8543.145362409032
Instances 109: 26-Nov-17
1.0 -1.0 -1.0 -1.0 1.0
1.0 -1.0 -1.0 -1.0 1.0
1.0 -1.0 -1.0 -1.0 1.0
1.0 -1.0 -1.0 -1.0 1.0
1.0 -1.0 -1.0 -1.0 1.0
1.0 -1.0 -1.0 -1.0 1.0
1.0 -1.0 -1.0 -1.0 1.0
1.0 -1.0 -1.0 -1.0 1.0
1.0 -1.0 -1.0 -1.0 1.0
1.0 -1.0 -1.0 -1.0 1.0
1.0 -1.0 -1.0 -1.0 1.0
1.0 -1.0 -1.0 -1.0 1.0
1.0 -1.0 -1.0 -1.0 1.0
1.0 -1.0 -1.0 -1.0 1.0
1.0 -1.0 -1.0 -1.0 1.0
1.0 -1.0 -1.0 -1.0 1.0
1.0 -1.0 -1.0 -1.0 1.0
1.0 -1.0 -1.0 -1.0 1.0
1.0 -1.0 -1.0 -1.0 1.0
1.0 -1.0 -1.0 -1.0 1.0
1.0 -1.0 -1.0 -1.0 1.0
1.0 -1.0 -1.0 -1.0 1.0
1.0 -1.0 -1.0 -1.0 1.0
1.0 -1.0 -1.0 -1.0 1.0
Fitness: -9027.512864600394
Instances 110: 27-Nov-17
1.0 -1.0 -1.0 -1.0 1.0
1.0 -1.0 -1.0 -1.0 1.0
1.0 -1.0 -1.0 -1.0 1.0
1.0 -1.0 -1.0 -1.0 1.0
1.0 -1.0 -1.0 -1.0 1.0
1.0 -1.0 -1.0 -1.0 1.0
1.0 -1.0 -1.0 -1.0 1.0
1.0 -1.0 -1.0 -1.0 1.0
1.0 -1.0 -1.0 -1.0 1.0
1.0 -1.0 -1.0 -1.0 1.0
1.0 -1.0 -1.0 -1.0 1.0
1.0 -1.0 -1.0 -1.0 1.0
1.0 -1.0 -1.0 -1.0 1.0
1.0 -1.0 -1.0 -1.0 1.0
1.0 -1.0 -1.0 -1.0 1.0
1.0 -1.0 -1.0 -1.0 1.0
1.0 -1.0 -1.0 -1.0 1.0
1.0 -1.0 -1.0 -1.0 1.0
1.0 -1.0 -1.0 -1.0 1.0
1.0 -1.0 -1.0 -1.0 1.0
1.0 -1.0 -1.0 -1.0 1.0
1.0 -1.0 -1.0 -1.0 1.0
1.0 -1.0 -1.0 -1.0 1.0
1.0 -1.0 -1.0 -1.0 1.0
Fitness: -8889.826406613929
Instances 111: 28-Nov-17
1.0 -1.0 -1.0 -1.0 1.0
1.0 -1.0 -1.0 -1.0 1.0
1.0 -1.0 -1.0 -1.0 1.0
1.0 -1.0 -1.0 -1.0 1.0
1.0 -1.0 -1.0 -1.0 1.0
1.0 -1.0 -1.0 -1.0 1.0
1.0 -1.0 -1.0 -1.0 1.0
1.0 -1.0 -1.0 -1.0 1.0
1.0 -1.0 -1.0 -1.0 1.0
1.0 -1.0 -1.0 -1.0 1.0
1.0 -1.0 -1.0 -1.0 1.0
1.0 -1.0 -1.0 -1.0 1.0
1.0 -1.0 -1.0 -1.0 1.0
1.0 -1.0 -1.0 -1.0 1.0
1.0 -1.0 -1.0 -1.0 1.0
1.0 -1.0 -1.0 -1.0 1.0
1.0 -1.0 -1.0 -1.0 1.0
1.0 -1.0 -1.0 -1.0 1.0
1.0 -1.0 -1.0 -1.0 1.0
1.0 -1.0 -1.0 -1.0 1.0
1.0 -1.0 -1.0 -1.0 1.0
1.0 -1.0 -1.0 -1.0 1.0
1.0 -1.0 -1.0 -1.0 1.0
1.0 -1.0 -1.0 -1.0 1.0
Fitness: -9085.552919596961
Instances 112: 29-Nov-17
1.0 -1.0 -1.0 -1.0 1.0
1.0 -1.0 -1.0 -1.0 1.0
1.0 -1.0 -1.0 -1.0 1.0
1.0 -1.0 -1.0 -1.0 1.0
1.0 -1.0 -1.0 -1.0 1.0
1.0 -1.0 -1.0 -1.0 1.0
1.0 -1.0 -1.0 -1.0 1.0
1.0 -1.0 -1.0 -1.0 1.0
1.0 -1.0 -1.0 -1.0 1.0
1.0 -1.0 -1.0 -1.0 1.0
1.0 -1.0 -1.0 -1.0 1.0
1.0 -1.0 -1.0 -1.0 1.0
1.0 -1.0 -1.0 -1.0 1.0
1.0 -1.0 -1.0 -1.0 1.0
1.0 -1.0 -1.0 -1.0 1.0
1.0 -1.0 -1.0 -1.0 1.0
1.0 -1.0 -1.0 -1.0 1.0
1.0 -1.0 -1.0 -1.0 1.0
1.0 -1.0 -1.0 -1.0 1.0
1.0 -1.0 -1.0 -1.0 1.0
1.0 -1.0 -1.0 -1.0 1.0
1.0 -1.0 -1.0 -1.0 1.0
1.0 -1.0 -1.0 -1.0 1.0
1.0 -1.0 -1.0 -1.0 1.0
Fitness: -9723.63347012551
Instances 113: 30-Nov-17
1.0 -1.0 -1.0 -1.0 1.0
1.0 -1.0 -1.0 -1.0 1.0
1.0 -1.0 -1.0 -1.0 1.0
1.0 -1.0 -1.0 -1.0 1.0
1.0 -1.0 -1.0 -1.0 1.0
1.0 -1.0 -1.0 -1.0 1.0
1.0 -1.0 -1.0 -1.0 1.0
1.0 -1.0 -1.0 -1.0 1.0
1.0 -1.0 -1.0 -1.0 1.0
1.0 -1.0 -1.0 -1.0 1.0
1.0 -1.0 -1.0 -1.0 1.0
1.0 -1.0 -1.0 -1.0 1.0
1.0 -1.0 -1.0 -1.0 1.0
1.0 -1.0 -1.0 -1.0 1.0
1.0 -1.0 -1.0 -1.0 1.0
1.0 -1.0 -1.0 -1.0 1.0
1.0 -1.0 -1.0 -1.0 1.0
1.0 -1.0 -1.0 -1.0 1.0
1.0 -1.0 -1.0 -1.0 1.0
1.0 -1.0 -1.0 -1.0 1.0
1.0 -1.0 -1.0 -1.0 1.0
1.0 -1.0 -1.0 -1.0 1.0
1.0 -1.0 -1.0 -1.0 1.0
1.0 -1.0 -1.0 -1.0 1.0
Fitness: -9990.329726702681
Instances 114: 01-Dec-17
1.0 -1.0 -1.0 -1.0 1.0
1.0 -1.0 -1.0 -1.0 1.0
1.0 -1.0 -1.0 -1.0 1.0
1.0 -1.0 -1.0 -1.0 1.0
1.0 -1.0 -1.0 -1.0 1.0
1.0 -1.0 -1.0 -1.0 1.0
1.0 -1.0 -1.0 -1.0 1.0
1.0 -1.0 -1.0 -1.0 1.0
1.0 -1.0 -1.0 -1.0 1.0
1.0 -1.0 -1.0 -1.0 1.0
1.0 -1.0 -1.0 -1.0 1.0
1.0 -1.0 -1.0 -1.0 1.0
1.0 -1.0 -1.0 -1.0 1.0
1.0 -1.0 -1.0 -1.0 1.0
1.0 -1.0 -1.0 -1.0 1.0
1.0 -1.0 -1.0 -1.0 1.0
1.0 -1.0 -1.0 -1.0 1.0
1.0 -1.0 -1.0 -1.0 1.0
1.0 -1.0 -1.0 -1.0 1.0
1.0 -1.0 -1.0 -1.0 1.0
1.0 -1.0 -1.0 -1.0 1.0
1.0 -1.0 -1.0 -1.0 1.0
1.0 -1.0 -1.0 -1.0 1.0
1.0 -1.0 -1.0 -1.0 1.0
Fitness: -8928.988954457496
Instances 115: 22-Dec-17
1.0 -1.0 -1.0 -1.0 1.0
1.0 -1.0 -1.0 -1.0 1.0
1.0 -1.0 -1.0 -1.0 1.0
1.0 -1.0 -1.0 -1.0 1.0
1.0 -1.0 -1.0 -1.0 1.0
1.0 -1.0 -1.0 -1.0 1.0
1.0 -1.0 -1.0 -1.0 1.0
1.0 -1.0 -1.0 -1.0 1.0
1.0 -1.0 -1.0 -1.0 1.0
1.0 -1.0 -1.0 -1.0 1.0
1.0 -1.0 -1.0 -1.0 1.0
1.0 -1.0 -1.0 -1.0 1.0
1.0 -1.0 -1.0 -1.0 1.0
1.0 -1.0 -1.0 -1.0 1.0
1.0 -1.0 -1.0 -1.0 1.0
1.0 -1.0 -1.0 -1.0 1.0
1.0 -1.0 -1.0 -1.0 1.0
1.0 -1.0 -1.0 -1.0 1.0
1.0 -1.0 -1.0 -1.0 1.0
1.0 -1.0 -1.0 -1.0 1.0
1.0 -1.0 -1.0 -1.0 1.0
1.0 -1.0 -1.0 -1.0 1.0
1.0 -1.0 -1.0 -1.0 1.0
1.0 -1.0 -1.0 -1.0 1.0
Fitness: -10845.58367392978
Instances 116: 23-Dec-17
1.0 -1.0 -1.0 -1.0 1.0
1.0 -1.0 -1.0 -1.0 1.0
1.0 -1.0 -1.0 -1.0 1.0
1.0 -1.0 -1.0 -1.0 1.0
1.0 -1.0 -1.0 -1.0 1.0
1.0 -1.0 -1.0 -1.0 1.0
1.0 -1.0 -1.0 -1.0 1.0
1.0 -1.0 -1.0 -1.0 1.0
1.0 -1.0 -1.0 -1.0 1.0
1.0 -1.0 -1.0 -1.0 1.0
1.0 -1.0 -1.0 -1.0 1.0
1.0 -1.0 -1.0 -1.0 1.0
1.0 -1.0 -1.0 -1.0 1.0
1.0 -1.0 -1.0 -1.0 1.0
1.0 -1.0 -1.0 -1.0 1.0
1.0 -1.0 -1.0 -1.0 1.0
1.0 -1.0 -1.0 -1.0 1.0
1.0 -1.0 -1.0 -1.0 1.0
1.0 -1.0 -1.0 -1.0 1.0
1.0 -1.0 -1.0 -1.0 1.0
1.0 -1.0 -1.0 -1.0 1.0
1.0 -1.0 -1.0 -1.0 1.0
1.0 -1.0 -1.0 -1.0 1.0
1.0 -1.0 -1.0 -1.0 1.0
Fitness: -12067.565314177706
Instances 117: 24-Dec-17
1.0 -1.0 -1.0 -1.0 1.0
1.0 -1.0 -1.0 -1.0 1.0
1.0 -1.0 -1.0 -1.0 1.0
1.0 -1.0 -1.0 -1.0 1.0
1.0 -1.0 -1.0 -1.0 1.0
1.0 -1.0 -1.0 -1.0 1.0
1.0 -1.0 -1.0 -1.0 1.0
1.0 -1.0 -1.0 -1.0 1.0
1.0 -1.0 -1.0 -1.0 1.0
1.0 -1.0 -1.0 -1.0 1.0
1.0 -1.0 -1.0 -1.0 1.0
1.0 -1.0 -1.0 -1.0 1.0
1.0 -1.0 -1.0 -1.0 1.0
1.0 -1.0 -1.0 -1.0 1.0
1.0 -1.0 -1.0 -1.0 1.0
1.0 -1.0 -1.0 -1.0 1.0
1.0 -1.0 -1.0 -1.0 1.0
1.0 -1.0 -1.0 -1.0 1.0
1.0 -1.0 -1.0 -1.0 1.0
1.0 -1.0 -1.0 -1.0 1.0
1.0 -1.0 -1.0 -1.0 1.0
1.0 -1.0 -1.0 -1.0 1.0
1.0 -1.0 -1.0 -1.0 1.0
1.0 -1.0 -1.0 -1.0 1.0
Fitness: -13329.079142276103
Instances 118: 25-Dec-17
1.0 -1.0 -1.0 -1.0 1.0
1.0 -1.0 -1.0 -1.0 1.0
1.0 -1.0 -1.0 -1.0 1.0
1.0 -1.0 -1.0 -1.0 1.0
1.0 -1.0 -1.0 -1.0 1.0
1.0 -1.0 -1.0 -1.0 1.0
1.0 -1.0 -1.0 -1.0 1.0
1.0 -1.0 -1.0 -1.0 1.0
1.0 -1.0 -1.0 -1.0 1.0
1.0 -1.0 -1.0 -1.0 1.0
1.0 -1.0 -1.0 -1.0 1.0
1.0 -1.0 -1.0 -1.0 1.0
1.0 -1.0 -1.0 -1.0 1.0
1.0 -1.0 -1.0 -1.0 1.0
1.0 -1.0 -1.0 -1.0 1.0
1.0 -1.0 -1.0 -1.0 1.0
1.0 -1.0 -1.0 -1.0 1.0
1.0 -1.0 -1.0 -1.0 1.0
1.0 -1.0 -1.0 -1.0 1.0
1.0 -1.0 -1.0 -1.0 1.0
1.0 -1.0 -1.0 -1.0 1.0
1.0 -1.0 -1.0 -1.0 1.0
1.0 -1.0 -1.0 -1.0 1.0
1.0 -1.0 -1.0 -1.0 1.0
Fitness: -10314.580330012972
Instances 119: 26-Dec-17
1.0 -1.0 -1.0 -1.0 1.0
1.0 -1.0 -1.0 -1.0 1.0
1.0 -1.0 -1.0 -1.0 1.0
1.0 -1.0 -1.0 -1.0 1.0
1.0 -1.0 -1.0 -1.0 1.0
1.0 -1.0 -1.0 -1.0 1.0
1.0 -1.0 -1.0 -1.0 1.0
1.0 -1.0 -1.0 -1.0 1.0
1.0 -1.0 -1.0 -1.0 1.0
1.0 -1.0 -1.0 -1.0 1.0
1.0 -1.0 -1.0 -1.0 1.0
1.0 -1.0 -1.0 -1.0 1.0
1.0 -1.0 -1.0 -1.0 1.0
1.0 -1.0 -1.0 -1.0 1.0
1.0 -1.0 -1.0 -1.0 1.0
1.0 -1.0 -1.0 -1.0 1.0
1.0 -1.0 -1.0 -1.0 1.0
1.0 -1.0 -1.0 -1.0 1.0
1.0 -1.0 -1.0 -1.0 1.0
1.0 -1.0 -1.0 -1.0 1.0
1.0 -1.0 -1.0 -1.0 1.0
1.0 -1.0 -1.0 -1.0 1.0
1.0 -1.0 -1.0 -1.0 1.0
1.0 -1.0 -1.0 -1.0 1.0
Fitness: -10140.70080043369
Instances 120: 27-Dec-17
1.0 -1.0 -1.0 -1.0 1.0
1.0 -1.0 -1.0 -1.0 1.0
1.0 -1.0 -1.0 -1.0 1.0
1.0 -1.0 -1.0 -1.0 1.0
1.0 -1.0 -1.0 -1.0 1.0
1.0 -1.0 -1.0 -1.0 1.0
1.0 -1.0 -1.0 -1.0 1.0
1.0 -1.0 -1.0 -1.0 1.0
1.0 -1.0 -1.0 -1.0 1.0
1.0 -1.0 -1.0 -1.0 1.0
1.0 -1.0 -1.0 -1.0 1.0
1.0 -1.0 -1.0 -1.0 1.0
1.0 -1.0 -1.0 -1.0 1.0
1.0 -1.0 -1.0 -1.0 1.0
1.0 -1.0 -1.0 -1.0 1.0
1.0 -1.0 -1.0 -1.0 1.0
1.0 -1.0 -1.0 -1.0 1.0
1.0 -1.0 -1.0 -1.0 1.0
1.0 -1.0 -1.0 -1.0 1.0
1.0 -1.0 -1.0 -1.0 1.0
1.0 -1.0 -1.0 -1.0 1.0
1.0 -1.0 -1.0 -1.0 1.0
1.0 -1.0 -1.0 -1.0 1.0
1.0 -1.0 -1.0 -1.0 1.0
Fitness: -9908.029883227533
Instances 121: 28-Dec-17
1.0 -1.0 -1.0 -1.0 1.0
1.0 -1.0 -1.0 -1.0 1.0
1.0 -1.0 -1.0 -1.0 1.0
1.0 -1.0 -1.0 -1.0 1.0
1.0 -1.0 -1.0 -1.0 1.0
1.0 -1.0 -1.0 -1.0 1.0
1.0 -1.0 -1.0 -1.0 1.0
1.0 -1.0 -1.0 -1.0 1.0
1.0 -1.0 -1.0 -1.0 1.0
1.0 -1.0 -1.0 -1.0 1.0
1.0 -1.0 -1.0 -1.0 1.0
1.0 -1.0 -1.0 -1.0 1.0
1.0 -1.0 -1.0 -1.0 1.0
1.0 -1.0 -1.0 -1.0 1.0
1.0 -1.0 -1.0 -1.0 1.0
1.0 -1.0 -1.0 -1.0 1.0
1.0 -1.0 -1.0 -1.0 1.0
1.0 -1.0 -1.0 -1.0 1.0
1.0 -1.0 -1.0 -1.0 1.0
1.0 -1.0 -1.0 -1.0 1.0
1.0 -1.0 -1.0 -1.0 1.0
1.0 -1.0 -1.0 -1.0 1.0
1.0 -1.0 -1.0 -1.0 1.0
1.0 -1.0 -1.0 -1.0 1.0
Fitness: -9030.622982538758
Instances 122: 29-Dec-17
1.0 -1.0 -1.0 -1.0 1.0
1.0 -1.0 -1.0 -1.0 1.0
1.0 -1.0 -1.0 -1.0 1.0
1.0 -1.0 -1.0 -1.0 1.0
1.0 -1.0 -1.0 -1.0 1.0
1.0 -1.0 -1.0 -1.0 1.0
1.0 -1.0 -1.0 -1.0 1.0
1.0 -1.0 -1.0 -1.0 1.0
1.0 -1.0 -1.0 -1.0 1.0
1.0 -1.0 -1.0 -1.0 1.0
1.0 -1.0 -1.0 -1.0 1.0
1.0 -1.0 -1.0 -1.0 1.0
1.0 -1.0 -1.0 -1.0 1.0
1.0 -1.0 -1.0 -1.0 1.0
1.0 -1.0 -1.0 -1.0 1.0
1.0 -1.0 -1.0 -1.0 1.0
1.0 -1.0 -1.0 -1.0 1.0
1.0 -1.0 -1.0 -1.0 1.0
1.0 -1.0 -1.0 -1.0 1.0
1.0 -1.0 -1.0 -1.0 1.0
1.0 -1.0 -1.0 -1.0 1.0
1.0 -1.0 -1.0 -1.0 1.0
1.0 -1.0 -1.0 -1.0 1.0
1.0 -1.0 -1.0 -1.0 1.0
Fitness: -10807.888804892302
Instances 123: 30-Dec-17
1.0 -1.0 -1.0 -1.0 1.0
1.0 -1.0 -1.0 -1.0 1.0
1.0 -1.0 -1.0 -1.0 1.0
1.0 -1.0 -1.0 -1.0 1.0
1.0 -1.0 -1.0 -1.0 1.0
1.0 -1.0 -1.0 -1.0 1.0
1.0 -1.0 -1.0 -1.0 1.0
1.0 -1.0 -1.0 -1.0 1.0
1.0 -1.0 -1.0 -1.0 1.0
1.0 -1.0 -1.0 -1.0 1.0
1.0 -1.0 -1.0 -1.0 1.0
1.0 -1.0 -1.0 -1.0 1.0
1.0 -1.0 -1.0 -1.0 1.0
1.0 -1.0 -1.0 -1.0 1.0
1.0 -1.0 -1.0 -1.0 1.0
1.0 -1.0 -1.0 -1.0 1.0
1.0 -1.0 -1.0 -1.0 1.0
1.0 -1.0 -1.0 -1.0 1.0
1.0 -1.0 -1.0 -1.0 1.0
1.0 -1.0 -1.0 -1.0 1.0
1.0 -1.0 -1.0 -1.0 1.0
1.0 -1.0 -1.0 -1.0 1.0
1.0 -1.0 -1.0 -1.0 1.0
1.0 -1.0 -1.0 -1.0 1.0
Fitness: -9066.23559750216
Instances 124: 31-Dec-17
1.0 -1.0 -1.0 -1.0 1.0
1.0 -1.0 -1.0 -1.0 1.0
1.0 -1.0 -1.0 -1.0 1.0
1.0 -1.0 -1.0 -1.0 1.0
1.0 -1.0 -1.0 -1.0 1.0
1.0 -1.0 -1.0 -1.0 1.0
1.0 -1.0 -1.0 -1.0 1.0
1.0 -1.0 -1.0 -1.0 1.0
1.0 -1.0 -1.0 -1.0 1.0
1.0 -1.0 -1.0 -1.0 1.0
1.0 -1.0 -1.0 -1.0 1.0
1.0 -1.0 -1.0 -1.0 1.0
1.0 -1.0 -1.0 -1.0 1.0
1.0 -1.0 -1.0 -1.0 1.0
1.0 -1.0 -1.0 -1.0 1.0
1.0 -1.0 -1.0 -1.0 1.0
1.0 -1.0 -1.0 -1.0 1.0
1.0 -1.0 -1.0 -1.0 1.0
1.0 -1.0 -1.0 -1.0 1.0
1.0 -1.0 -1.0 -1.0 1.0
1.0 -1.0 -1.0 -1.0 1.0
1.0 -1.0 -1.0 -1.0 1.0
1.0 -1.0 -1.0 -1.0 1.0
1.0 -1.0 -1.0 -1.0 1.0
Fitness: -10078.292408167385
