-13262.945999016612
-14552.749814609688
-13467.783032784115
-14261.676468715064
-16153.22205401208
-16104.67533787274
-13656.800854234529
-12378.336771830629
-14671.729434263218
-15118.083557481612
-13486.27247142521
-9486.177283403576
-8825.170744015399
-12523.269015860464
-10991.725043033037
-9304.999504717984
-9775.335042290179
-12061.89432465304
-9673.290940365689
-11514.291529212727
-10761.742592843782
-9657.831939913956
-11314.384015237158
-9579.089234575764
-11744.563205808281
-11485.308199461197
-11312.935162374504
-11272.519222678022
-11260.109452806724
-12544.566471643144
-11835.579315537165
-10394.21191562849
-5205.941602294526
-7083.26241488982
-8981.957008921323
-8730.903479448762
-5901.630986379338
-6010.778226004922
-7134.452747778853
-8589.921233206926
-8063.6089953702285
-5673.608087277063
-6362.311440996826
-8545.33054949316
-8048.06678396546
-7100.03286684068
-6951.803425592852
-7923.5688032986545
-8375.73375744726
-7756.034786949168
-7590.113403096196
-8162.156493366686
-7337.135549625338
-2634.3272152731515
-4418.181650919254
-3594.274211085912
-3552.0610535734704
-5057.926904511034
-3964.54208510777
-3971.7723489748937
-4120.89484759191
-4871.609476004635
-4759.9702935064015
-6564.174648521762
-6046.893802536173
-2693.0237623244698
-3483.183099450262
-3319.355910694868
-2626.570601848673
-2405.2064016559016
-3064.844666264349
-1896.3773685362787
-2088.3803017914224
-2408.293561137358
-2059.5815886469036
-8136.531637415185
-6126.916743580191
-5846.6490508539455
-6815.40513560082
-7792.48066101096
-8208.792837148363
-7855.681260258397
-7712.994684746664
-3525.994068506234
-3435.6591429700643
-5487.427723656976
-5146.4911014079025
-5553.889841173763
-5722.150156498485
-5292.792453855643
-4557.846348410198
-3441.292048793902
-3644.646074089911
-4989.262363089992
-8281.43827822643
-9535.824353729
-8980.242087065515
-7329.985835693413
-7366.846954378228
-6801.890908771042
-6444.224105971949
-7319.7576666525265
-8743.33972615011
-7366.175340408535
-7746.1862860824895
-7662.501612262058
-7306.672101460052
-6924.512670765063
-8543.145362409032
-9027.512864600394
-8889.826406613929
-9085.552919596961
-9723.63347012551
-9990.329726702681
-8928.988954457496
-10845.58367392978
-12067.565314177706
-13329.079142276103
-10314.580330012972
-10140.70080043369
-9908.029883227533
-9030.622982538758
-10807.888804892302
-9066.23559750216
-10078.292408167385
