1.3646210720195167
1.2880212960848936
1.8450414542427545
2.2085236049945207
1.228586920867113
1.065453828785089
1.0988738386403925
1.195405331611192
1.14748231866345
1.207370353372838
1.2861381101386193
1.2099358287944333
1.1136201240951
1.2398266101273252
1.361464076425274
1.1761793009038066
1.5928480641942977
1.0008684719883654
1.3798748183304885
1.1867787492892692
1.2530401429578064
1.1871651333858115
1.2728927509406243
0.859469464503245
-0.3058838785763205
-1.1839023291471458
0.3766604116143001
0.8280437241748103
-0.47241814751677913
-1.8247909213884053
-2.9288548108465586
-1.9022824527466449
-1.4675920062039784
-1.680516458109973
0.5595549583719468
-6.70280821894819
-0.4051835572346796
1.277548425426789
2.2922450952225906
-6.859924786436218
-3.341136369326751
-1.3088700430094595
-8.071666302202502
1.25971473270862
1.6396151071070395
