3.35814766875798
4.459818900075591
3.8776547383395723
3.4507417906837126
2.5724979903606022
2.1186555980591293
2.998302368526289
2.939226486067862
3.0426083610721975
3.473798769813439
2.657994998868007
4.358807212862865
3.002258924451826
4.728247587550088
4.856032860280548
4.063018107873289
3.134330742578397
2.692669542991805
4.051267629162437
3.783407753938958
4.018895305045424
2.659200772505568
3.7446606027263214
3.352863417217358
5.165318858967086
2.6784751445516246
2.763368930925069
4.216633596741689
2.3171339569496476
2.3419008177121716
2.815573039701738
3.7394186770560918
4.497346989855802
4.137218640607514
4.31410322987062
2.4376809502138244
4.224263549558409
4.453913367227799
2.429456020922607
3.4075492251290456
4.402223393187201
3.003998812302526
4.255296553143751
3.108382830916242
4.220580099016267
2.820515601332111
3.6617499954513066
2.3803876335028047
2.7107036184373925
4.375526797652922
2.8689570050675663
3.2964165900619404
3.1707910517606637
3.2553265657288746
2.843619903669669
3.921878618941463
3.0939975581450225
3.1369411039972612
3.6593370913989025
3.2993898382734317
3.3199153079361015
3.3398286582777543
4.397162377881433
2.6535642727215327
2.61880379607534
3.098723511180597
2.8855252134364844
2.621831254665712
3.731988916435025
4.771193313007615
2.114532705320811
2.5082094968289583
3.1072163040061347
1.794751572531576
2.884105942537525
4.8403782291600965
1.8505530099133822
3.2839360746050694
4.790516074870385
3.9161982121605994
3.296859461505836
4.476909599510429
3.3138696008625437
3.1123372380082497
3.713547457772951
3.0415679317852016
4.839408504400125
3.5758992326761705
2.693932169424616
3.8309531225567732
3.7061102200429357
1.796253970204344
2.9966248731440293
2.9429610284348167
2.703410046739789
