2.741820387507818
2.9644738536169037
2.850799884883129
2.2265073967755593
2.710565766837574
3.0255585102534925
2.6128812948463676
2.5685101005489015
2.594273824857568
2.290740577563316
2.470513419841656
3.4199081194507386
1.6156510561885464
4.445738620109359
2.4566757807119974
3.9157933787662085
1.981877420768473
2.652668988894035
2.877536783278883
3.2772411685282035
3.881166613587756
2.6138631360380447
3.668780563249042
3.6044362861277026
3.2749296095188525
3.7379469317250305
3.2390941078225874
3.771438303477451
2.5425748682063816
2.3599425904420195
3.9365078911371754
3.445934635768028
4.302723020354442
2.1693204162367508
3.5909392083712275
2.1925043250511784
3.3956723293091367
4.483229870599104
2.450397775615455
3.9986919622476256
3.5026353715160896
3.3248274722755875
3.3153625334309313
3.2711359628693826
3.3112053111465847
3.0773721745107796
2.707209284755812
2.5482480795057
2.457533913892588
4.174982837710428
2.581855344059997
2.7174919086793428
3.2733635137594073
2.5160623473889077
2.7586541307452364
2.623747665557837
2.179821979396786
1.988127049598666
2.689843005741494
2.0802505674622354
3.4502510168307774
2.8842171922547544
2.162256120741138
2.417529674270101
2.9502367084715453
2.5166089159775136
3.7180538486107007
2.2202034798695847
3.1487859393198048
4.201833166609167
3.196477388694413
2.564906197284974
3.1938321578099527
2.06152371681631
3.2504741418313907
1.8818421323062118
1.8535187583087533
2.581574137641437
5.232487806928587
4.1977936246776295
1.997907361632446
4.315474238726928
2.8526795395252513
3.8234635186146817
3.372338817536739
2.433911797216932
2.762764906009183
4.176387033469272
2.363531055565594
2.370188334607536
2.9498367895264237
2.118934477313711
3.5508236199025016
2.4086736459010325
2.320079656264787
