-14706.553000558086
-16003.521273667278
-14250.33768080876
-15512.980157540238
-17924.748179659917
-17363.745098676507
-15412.194235656621
-13977.844972844801
-15878.210964964637
-16072.966999507953
-14868.484365677321
-10327.401359986809
-9762.297042856684
-13637.200982823935
-12173.04708276964
-10317.27830792556
-10578.12086780957
-12935.064657757723
-10479.137545264502
-12248.08543704815
-11526.92741520059
-10506.361207947723
-12184.291090402507
-10478.813334946604
-12467.04464195201
-12240.363632325603
-12054.440287763204
-12041.414556913322
-12111.007264446904
-13900.298413568382
-12940.596726348176
-11725.720647081196
-6049.122212546993
-7989.980006728498
-9837.464935174123
-9621.00674622749
-6766.2031831516715
-7180.793142688007
-8122.675121344884
-9569.48148883904
-8965.74958238979
-6737.185006704577
-7430.816978744756
-9702.255462407804
-9468.777387641116
-8117.398969585456
-8043.268490301344
-9190.060143288554
-9658.812280234088
-8548.696400814224
-8554.496152150818
-9117.364185650094
-8056.572470311664
-3418.6391710093735
-5566.510119339201
-4519.216110603728
-4447.348514176168
-6089.678531299918
-4894.351254190872
-4820.205420757807
-4854.4274615668055
-6170.745371489811
-5782.034782026703
-7382.467340480469
-7137.04887456133
-3439.83540082367
-4320.822471743637
-4258.248405774002
-3527.458114746522
-3458.1197736153827
-3982.1236689546135
-2904.4371898135346
-3042.4456737551463
-3469.763870837531
-3296.7825054164687
-9175.633279352047
-7199.893898612729
-6841.152288959288
-7836.321105302931
-8676.119545241314
-9208.024743626213
-8693.790503743861
-8528.68941966216
-4637.129395635078
-4520.261293976825
-6657.722233386986
-6123.4869341872245
-6604.15739990285
-6762.234155753849
-6348.464168373611
-5571.482160393765
-4392.6923605653765
-4534.268584108791
-6113.639370963497
-9270.730625973816
-10489.321004517637
-9986.154493128643
-8430.590503156633
-8235.037999755752
-7695.011849678422
-7242.404499535952
-8262.558742089968
-9490.392537957385
-8251.511165239495
-8535.742757659402
-8444.602601674755
-8046.7990834936845
-7755.807783672111
-9478.776770807384
-9824.170815401829
-9693.276247801261
-9939.975017295556
-10769.4220551265
-10775.074095799773
-9839.088373722103
-12374.302186802375
-13466.212058947513
-14571.2400423872
-11859.940945755074
-11718.216731555895
-11092.89510993622
-10031.902426707851
-12162.039805317663
-10284.904834945663
-11236.665580854671
